-7.442961537296e-16
-2.428851523061e-02
-3.405709357941e-01
4.633532996685e-01
5.330199260280e+00
1.928760377946e-02
2.428851523061e-02
-5.330199260280e+00
-4.633532990449e-01
-3.405709357941e-01
5.789207914064e-01
2.428851523061e-02
-7.917831600941e+00
-5.330472102011e+00
-4.631366337487e-01
-3.405709357941e-01
-5.982083506982e-01
-8.190717525704e+00
-2.428851523061e-02
3.761635025338e-01
-2.202652169384e-01
-1.474465178912e-02
2.080353529033e-02
4.897686452900e-02
1.419608107611e-05
5.181660934074e-05
-4.364856300010e-02
-7.957486307717e-03
1.675841061448e-01
4.474813679517e-05
1.596946839830e-04
-4.527735263335e-02
-1.167549658928e-02
1.961840513425e-01
9.182505923134e-06
1.898754024371e-04
-1.584523423424e-02
-4.090557391630e-02
8.815734719309e-02
1.082587256447e-06
7.906105541632e-05
-1.168400995811e-02
1.845730453954e-03
1.104755897061e-02
5.456555512336e-05
6.472051177273e-05
1.313001113756e-02
-1.292716056360e-02
1.420235745746e-01
6.517387744853e-05
1.467777691158e-04
5.048781879835e-02
-1.814031549612e-02
2.461475278057e-01
-1.363153013226e-04
2.371505141671e-04
3.226686930323e-02
-6.496287255403e-02
1.366355587382e-01
-1.585756123679e-04
1.636786992741e-04
-2.903386576150e-02
-1.574426503264e-02
-1.614851985328e-02
-1.040611519860e-04
-9.584695589538e-05
5.161283070702e-02
-8.257368100537e-03
1.085034694682e-01
-2.096371586714e-04
5.016477868084e-05
1.867532807746e-01
-1.594861137437e-02
2.594088242427e-01
-4.766713260106e-04
2.673845274466e-04
1.170223969845e-01
-9.196835799757e-02
1.572814178477e-01
-3.903527563451e-04
2.451803946641e-04
-6.700118733973e-02
-1.832612653258e-02
-5.072871175721e-03
2.366362810727e-04
4.931671272262e-04
3.443552778502e-02
3.694427689079e-02
6.910580553830e-02
5.543358935922e-04
4.290324733610e-04
2.838216601632e-01
3.091398448685e-02
1.842374000397e-01
2.795910646989e-04
4.397454396590e-04
1.857398657272e-01
-9.383460141745e-02
1.029800460500e-01
-1.495516594446e-04
4.617708842425e-05
3.377418612465e-01
1.637159080928e-01
-4.119072930070e-03
8.198656036203e-04
-1.890960754432e-03
4.937809653090e-01
2.855396568109e-02
3.500643068132e-02
7.456876132328e-04
-8.708512783651e-04
8.446218372322e-02
2.270462277761e-02
2.486005695730e-02
4.450815387698e-04
1.268565884598e-04
-1.188264127710e-01
5.319107039999e-02
1.814663609424e-02
1.496816571421e-04
1.198819663163e-03
-4.582817136840e-01
-3.177745497038e-01
1.719345469187e-01
-4.636593928234e-03
6.003566008437e-03
-2.208207289958e+00
-1.437816303653e-01
5.241372428881e-01
-3.645911309283e-03
3.870852619064e-03
-3.295560696608e+00
-1.872978676760e-01
8.234500044110e-01
4.722420318442e-04
6.698271627223e-04
-1.514266012757e+00
7.429794887884e-01
4.568390517751e-01
3.273142507568e-03
9.777033742633e-04
-1.090506715770e-01
-1.986007996129e-03
5.468143678417e-03
2.379075040048e-03
-3.127861033833e-03
-1.417464377360e-01
7.796753305021e-02
1.441195660602e-01
2.214718630167e-03
-2.184100021421e-03
-6.592118621946e-02
1.174417521959e-02
1.027708075799e-01
5.587399054746e-05
-1.697272436170e-03
-3.816144618284e-02
-6.425943206471e-03
-1.390031428250e-02
-1.348001549100e-03
-2.157879951115e-03
2.949133774711e-02
4.610700072145e-03
-1.643015013151e-03
-4.449807843118e-04
6.134066747690e-04
9.713435082927e-02
-2.667987584067e-03
-1.327492584461e-01
-5.107718944345e-04
6.293850553972e-04
1.521607100830e-01
2.493156997614e-03
-2.472161408701e-01
-8.448505787647e-05
7.555799132995e-04
8.137905682315e-02
-6.455079738923e-02
-1.288100929883e-01
1.816487444874e-04
6.386194909597e-04
1.742947832195e-03
-9.383286824754e-03
1.733340628543e-02
2.095536888776e-04
-2.628812733202e-04
2.841807527573e-02
-5.490992051701e-03
-5.587819927390e-02
2.230569753656e-04
-1.775794464390e-04
3.464068157752e-02
-1.195935239318e-02
-1.565232379232e-01
1.022901146195e-04
-3.028270987347e-05
1.120279107454e-02
-4.386315401656e-02
-9.919672843587e-02
-1.751334119747e-05
-3.784768839011e-05
7.290845027165e-04
1.164419056674e-02
-3.069867150673e-02
-2.197465246882e-05
3.932871438094e-05
-1.578716051521e-02
-5.294111276332e-03
-1.245144172735e-01
3.489731940475e-05
8.489559953732e-05
-3.037448534486e-02
-1.076899996063e-02
-1.638721748941e-01
2.214524835766e-04
1.339179742758e-04
-1.460639927096e-02
-3.732922410516e-02
-8.023611141049e-02
1.695514530179e-04
1.396306883541e-04
-2.366722352374e-02
2.100485485856e-02
-4.302441438045e-02
-8.056415473839e-05
3.166848956270e-05
-6.929944456129e-02
1.725217333452e-04
-1.167112017941e-01
-6.083131724536e-05
4.775884045898e-05
-7.341504863685e-02
-7.849863981534e-03
-1.207816944090e-01
1.557148005293e-04
5.424582839073e-05
-2.945244279995e-02
-2.653795521383e-02
-4.984745773439e-02
1.287596119121e-04
5.266714838587e-05
-4.843765568436e-02
2.747695975493e-02
-3.548292113892e-02
-1.309022058052e-04
5.792825371526e-05
-1.198001353493e-01
3.907656191882e-03
-8.856384454120e-02
-1.275277589566e-04
8.864831732314e-05
-1.118270670952e-01
-5.044212343893e-03
-8.457994511042e-02
1.130965144599e-04
7.713770854678e-05
-4.037401824751e-02
-2.340395843655e-02
-3.129501062054e-02
1.154081294921e-04
4.228648493619e-05
-6.232410137609e-02
3.092454294729e-02
-1.314235468026e-02
-1.601052696167e-04
4.243290012656e-05
-1.502774678315e-01
3.461300985606e-03
-3.831392926459e-02
-1.064810351521e-04
1.126869899561e-04
-1.376530533800e-01
-1.021650711301e-03
-3.742772469333e-02
5.600333013602e-05
9.497475037104e-05
-4.819689675935e-02
-2.386592460435e-02
-1.251858897805e-02
1.287372926943e-04
2.587372905161e-05
-6.573887058554e-02
3.263250259105e-02
1.410765520815e-02
-1.665457322592e-04
2.866408965337e-05
-1.615367936094e-01
4.033523560648e-03
2.256537616896e-02
-1.176801821535e-04
1.485231342318e-04
-1.473725322270e-01
-8.660228875701e-04
1.795719465887e-02
4.892392562685e-05
1.267381797811e-04
-5.007081807656e-02
-2.420401358778e-02
7.855074478973e-03
1.264104082850e-04
1.984849355979e-05
-5.748410043424e-02
3.315319199037e-02
4.125101377112e-02
-1.511528846227e-04
2.260386508490e-05
-1.488794683695e-01
3.211130754029e-03
8.721145936343e-02
-1.265829083479e-04
1.789247468344e-04
-1.362783502827e-01
-2.495101280818e-03
7.657191388323e-02
5.235739673164e-05
1.552666810019e-04
-4.487025923694e-02
-2.483109979653e-02
2.844429640855e-02
1.096770882501e-04
2.104390388985e-05
-3.747422548313e-02
3.018471752891e-02
5.726900004248e-02
-7.866141154819e-05
4.035612726639e-05
-1.074509838178e-01
-1.090558739379e-03
1.426751272314e-01
-5.554401896986e-05
1.852151760517e-04
-1.038923033716e-01
-5.453129952363e-03
1.355733413259e-01
4.758635173343e-05
1.768248346208e-04
-3.502484529834e-02
-2.867812492801e-02
5.171732250183e-02
7.589638713376e-05
3.964263710121e-05
