7.324093096480e-02
-0.000000000000e+00
1.626275358042e-17
0.000000000000e+00
1.109297009746e-09
-0.000000000000e+00
7.324093080812e-02
-0.000000000000e+00
-7.058776951828e-01
-0.000000000000e+00
1.109297009746e-09
-0.000000000000e+00
7.324093021020e-02
0.000000000000e+00
-7.058776962839e-01
-0.000000000000e+00
1.109297009746e-09
-0.000000000000e+00
7.324093021020e-02
-5.747513232582e-47
-7.058776962839e-01
1.101699538574e-09
1.297356497899e+01
2.119115288587e-09
1.752545780260e+00
1.655525511870e-03
-5.915477235234e+00
-1.142023435069e+01
5.073910943092e-03
-3.694454789858e+00
-2.144756133786e-02
-5.929004694513e-03
-2.687468696959e-03
3.685941156888e+00
2.204936537014e-02
-1.143049677998e+01
1.054628407016e+00
2.363843959742e-03
-6.093459661927e+00
-1.184155278580e+01
1.795525928439e-02
-3.879892942430e+00
-8.419775118733e-03
-7.204534575219e-03
9.625331224569e-03
3.851094548148e+00
6.388690378857e-04
-1.184542609080e+01
3.399691516352e-01
3.056895100080e-03
-6.178432258594e+00
-1.142390270718e+01
9.946543501037e-03
-3.689578268270e+00
-7.186427893601e-03
-5.963235000094e-03
9.640179850187e-03
3.650553656338e+00
2.337565532283e-03
-1.142132455769e+01
-3.673648186549e-01
3.710296514589e-03
-6.168995591122e+00
-1.145632280016e+01
2.195121033535e-02
-3.731937359836e+00
-3.092744407411e-02
-5.476859658706e-03
1.041981546904e-02
3.721167674836e+00
2.450558038736e-02
-1.145718535726e+01
-1.083607159013e+00
4.630257647247e-03
-6.067400857127e+00
-1.190339497058e+01
3.182355182248e-02
-3.924803087943e+00
-2.724980681134e-02
-5.625717964417e-03
1.837889963799e-02
3.909089358571e+00
1.568557141710e-02
-1.188870071461e+01
-1.780663913287e+00
5.201564478408e-03
-5.872164305755e+00
-1.150466148223e+01
1.770710389114e-02
-3.710603637971e+00
-2.019728830181e-02
-3.949693417539e-03
1.422670923494e-02
3.685018029815e+00
1.486629588337e-02
-1.147913768667e+01
-2.424656597500e+00
5.368405093442e-03
-5.591982177012e+00
-1.125808907934e+01
2.451327248437e-02
-3.551307789005e+00
-3.166242178202e-02
-3.746746257072e-03
1.522294773176e-02
3.542391880370e+00
2.638007868129e-02
-1.125194509964e+01
-3.028152839052e+00
5.579604654867e-03
-5.225821940538e+00
-1.162099167445e+01
1.448991157961e-02
-3.660628408149e+00
-9.179005321042e-03
-2.788263440602e-03
2.013709828258e-03
3.658723927837e+00
7.599016407486e-03
-1.162140533040e+01
-3.590879854859e+00
5.585989034386e-03
-4.777982630031e+00
-1.164755104524e+01
-5.137882990359e-02
-3.782791016347e+00
3.185677975585e-02
8.584322951815e-04
-3.499698607038e-02
3.774634388604e+00
-2.939497650184e-02
-1.164712878592e+01
-4.104769074543e+00
5.607971393378e-03
-4.261305004179e+00
-1.178857847610e+01
2.654376230932e-02
-4.123361872256e+00
-5.023478821085e-02
-1.692765255113e-04
2.965862613646e-02
4.121994851543e+00
5.198061880862e-03
-1.180050448856e+01
-4.569577522558e+00
4.254454104571e-03
-3.671805521256e+00
-1.222776894412e+01
3.951239824156e-01
-4.406716064175e+00
-2.843052181907e-01
5.342125823836e-03
2.946209091342e-01
4.423674742709e+00
1.480234453972e-01
-1.226606357937e+01
-4.946637498731e+00
-2.116007819978e-03
-3.021328112148e+00
-1.194289210799e+01
5.839592846428e-01
-3.856337785618e+00
-3.911689618487e-01
3.757187713595e-03
3.901254135702e-01
3.855428641149e+00
2.550771302255e-01
-1.193875334986e+01
-5.157769815299e+00
-1.521047170902e-02
-2.390228365109e+00
-1.005072336453e+01
-6.217334078851e-02
-1.823989074208e+00
-1.327514383317e-01
3.331468510641e-03
-2.213198024257e-01
1.826386039849e+00
3.232119409393e-01
-9.997424110611e+00
-5.211079391608e+00
-2.783615889832e-02
-1.795634158249e+00
-1.000595863036e+01
-1.665520432957e+00
-1.387550575166e+00
2.436363796623e-01
5.210058136849e-03
-1.572241403075e+00
1.270129698696e+00
4.302605658127e-01
-9.874958564080e+00
-5.264578884333e+00
-2.841615565550e-02
-1.104011302593e+00
-1.256998098272e+01
-1.853599250602e+00
-5.255356804790e+00
2.222828035852e-01
-1.474529226365e-02
-1.771274480312e+00
4.715893126404e+00
4.710651378691e-01
-1.266373844999e+01
-5.347443837832e+00
-1.699064146245e-02
-6.389776715450e-02
-2.038415923631e+01
-6.710257505601e-02
-8.943469599723e+00
2.133478684619e-01
-2.559864889480e-02
6.380921026924e-02
8.892227246143e+00
-4.232305466372e-01
-2.043090750585e+01
-5.283954732935e+00
1.509798297127e-03
1.356562613464e+00
-2.311232979371e+01
-4.730580351881e-01
-1.030971675743e+01
2.777374977131e-01
-1.002832027571e-01
-6.470461189625e-01
1.021151059757e+01
-1.867387518855e-02
-2.301333531908e+01
-5.070868582561e+00
5.792424967736e-03
1.969345071062e+00
-3.284052864377e-02
-5.086402266892e-01
7.032798987201e+00
4.908141122754e-01
-7.983704145281e-02
-7.029710714519e-01
-7.116002916617e+00
4.653087284376e-01
2.562645062805e-01
-4.759442303770e+00
2.221906504386e-03
1.849020698817e+00
-4.272298925725e+00
5.174146110652e-02
3.003645739243e+00
-1.109303615671e-02
-8.532432287351e-03
4.623163845092e-02
-3.103758398635e+00
1.944935113724e-02
-4.132917487159e+00
-4.440433550875e+00
3.460567203552e-03
2.142749063388e+00
-1.076124107368e+01
2.348876581375e-02
-3.305251062322e+00
-9.237754540042e-04
-2.574500521148e-02
1.573715526797e-01
3.138206728379e+00
-1.730406365099e-01
-1.039382605276e+01
-3.974641501422e+00
3.273035794709e-03
2.767846234612e+00
-1.431697212868e+01
1.134709309760e-02
-5.687410077171e+00
2.454260466000e-02
-9.730175275979e-03
8.815722200881e-02
5.645463230834e+00
-1.038587318174e-01
-1.433568197165e+01
-3.390276720394e+00
3.189339873070e-03
3.407963510122e+00
-1.306908247367e+01
9.518423474240e-03
-4.973076730129e+00
2.498231930079e-03
-6.686160214042e-03
4.895374527330e-03
4.962137576717e+00
-1.140362154747e-02
-1.315036163793e+01
-2.783528681910e+00
3.441772074031e-03
3.891166648557e+00
-1.169494540327e+01
-1.501159288882e-02
-3.861123076533e+00
-1.528454681496e-02
-8.276834270550e-03
-4.575070568851e-02
3.825964069407e+00
5.075648208743e-02
-1.177423448044e+01
-2.184385051317e+00
3.237586370566e-03
4.215241263586e+00
-1.040570396962e+01
1.876786960116e-02
-2.942768874367e+00
-6.243770280743e-03
-7.060651253197e-03
-1.310495685690e-02
2.913234269646e+00
1.530052073847e-02
-1.044690580012e+01
-1.571930176564e+00
2.606120499587e-03
4.439015319254e+00
-1.086470833326e+01
1.238656951071e-02
-3.284235543674e+00
3.082004641919e-02
-7.801326795834e-03
2.642263386642e-02
3.289005430046e+00
-3.760820605828e-02
-1.086710552621e+01
-8.919743546348e-01
2.300420690886e-03
4.606486196671e+00
-1.181221154815e+01
-8.582495153172e-03
-3.887841003068e+00
2.398493596885e-02
-9.404463239202e-03
1.903117494619e-02
3.861844273506e+00
-2.571457125788e-02
-1.181169629534e+01
-1.799139325955e-01
1.864874855593e-03
4.692457974577e+00
-1.136354189774e+01
5.839189405830e-03
-3.696482743369e+00
1.644731481957e-02
-8.365167644323e-03
1.429932683735e-02
3.642777172349e+00
-2.021106679047e-02
-1.136107342390e+01
5.229371740855e-01
1.312863462162e-03
4.684216276137e+00
-1.136798413745e+01
5.405236053646e-04
-3.714558632595e+00
2.346847077961e-02
-7.272982916617e-03
9.549112108609e-03
3.696686014542e+00
-2.616035111601e-02
-1.136936980822e+01
1.234166687288e+00
1.200931867385e-03
4.583629965295e+00
-1.183312347741e+01
-4.427217412061e-03
-3.894079617524e+00
4.169307091801e-03
-8.990434188292e-03
3.958749664025e-04
3.860359925226e+00
2.687183043106e-03
-1.180995258535e+01
1.918549599944e+00
9.959979251761e-04
4.389802902501e+00
-1.121115415875e+01
5.977819263485e-03
-3.540919497375e+00
4.018541062151e-03
-7.756698817217e-03
3.454091722168e-03
3.505087244013e+00
-7.229376897800e-03
-1.117444371698e+01
2.554425472378e+00
6.660666682251e-04
4.112973128490e+00
-1.128299477156e+01
-1.058527312085e-02
-3.626375950565e+00
2.235409044771e-02
-6.903181107043e-03
-2.163216962283e-03
3.616211261355e+00
-1.996347711726e-02
-1.127537280950e+01
3.169261481794e+00
7.102631331854e-04
3.748015348226e+00
-1.183764000755e+01
-9.822558671792e-03
-3.877152630956e+00
8.268775003166e-03
-8.500964559820e-03
-3.842393828202e-03
3.872226421789e+00
2.338400314580e-03
-1.180322655123e+01
3.730101091737e+00
6.361241368382e-04
3.305812395190e+00
-1.130122569909e+01
-1.298934921787e-03
-3.582232117070e+00
6.596765006664e-03
-7.341124138408e-03
-4.510332936762e-04
3.583155606030e+00
-7.882985193327e-03
-1.125272147755e+01
4.215897401983e+00
4.266990193812e-04
2.804362516031e+00
-1.133523396827e+01
-1.574126782816e-02
-3.657123875535e+00
1.679870527614e-02
-6.476543421801e-03
-1.015118359154e-02
3.655603412609e+00
-1.182349671081e-02
-1.132226460356e+01
4.645618440566e+00
5.468246914695e-04
2.230857458530e+00
-1.183297372407e+01
-7.846146609736e-03
-3.863503788464e+00
4.352375608223e-03
-7.953921559443e-03
-7.118590796504e-03
3.883381098045e+00
6.541339884903e-03
-1.180631694496e+01
4.994842806957e+00
5.276339068091e-04
1.607014367577e+00
-1.131753697349e+01
-5.056182175660e-03
-3.575249481313e+00
5.159565222040e-03
-6.911612552485e-03
-3.795827292090e-03
3.608171367878e+00
-6.036904335243e-03
-1.128562209562e+01
5.252234610440e+00
3.538250083668e-04
9.565268607393e-01
-1.135268118344e+01
-1.803749752752e-02
-3.658156004080e+00
1.075548158905e-02
-6.153537588380e-03
-1.508361645088e-02
3.665907348161e+00
-4.524568514004e-03
-1.134312484336e+01
5.429835707189e+00
4.743240153060e-04
2.615837476169e-01
-1.182419280303e+01
-4.683640534175e-03
-3.857766387071e+00
1.299490954967e-03
-7.564385057370e-03
-7.973415021786e-03
3.888825955141e+00
8.680127407314e-03
-1.181999335334e+01
5.514037078945e+00
4.539799295389e-04
-4.495610827881e-01
-1.133407432758e+01
-7.593847713130e-03
-3.589087072339e+00
3.375296489101e-03
-6.588971010863e-03
-5.871215350589e-03
3.632991962999e+00
-3.231646370414e-03
-1.133481849108e+01
5.503194824358e+00
2.782868784759e-04
-1.150993110402e+00
-1.137463359649e+01
-1.757818303053e-02
-3.667904684477e+00
4.253696417280e-03
-5.967154108758e-03
-1.697030527625e-02
3.680455771243e+00
2.078164490882e-03
-1.137287067016e+01
5.401251214485e+00
3.894914739556e-04
-1.862002163952e+00
-1.181842074850e+01
5.134938936408e-04
-3.862171954959e+00
-1.872514910495e-03
-7.408501462417e-03
-6.187864787673e-03
3.886540658275e+00
8.652820036130e-03
-1.183699501286e+01
5.206770544998e+00
3.881422846010e-04
-2.552216461700e+00
-1.134295307076e+01
-7.630156594888e-03
-3.610915364006e+00
2.510175120543e-04
-6.463340608309e-03
-6.123752922474e-03
3.640344077747e+00
3.653167277206e-04
-1.137398505312e+01
4.927917868472e+00
2.556644875237e-04
-3.197640928852e+00
-1.139375461292e+01
-1.434652076321e-02
-3.678478405933e+00
-3.149199451112e-03
-5.904738818721e-03
-1.607275170467e-02
3.688856154580e+00
8.764987199493e-03
-1.140157661698e+01
4.561139915055e+00
4.307681784431e-04
-3.816355170558e+00
-1.181999585837e+01
6.626480649403e-03
-3.872896288737e+00
-4.063402112042e-03
-7.413532826027e-03
-1.974017555396e-03
3.876988255034e+00
6.077448489934e-03
-1.185045500777e+01
4.116922995410e+00
5.460346085526e-04
-4.380370445850e+00
-1.135566249793e+01
-4.280307131807e-03
-3.639912283176e+00
-3.615555769023e-03
-6.517762045773e-03
-3.601451083383e-03
3.638020193756e+00
3.856100353695e-03
-1.139788299782e+01
3.611482986379e+00
5.778691806117e-04
-4.871204261259e+00
-1.141671120903e+01
-7.280461794772e-03
-3.695013892001e+00
-1.188818865067e-02
-5.943202333309e-03
-1.181117937769e-02
3.696592850189e+00
1.591655299974e-02
-1.142982489633e+01
3.034883611105e+00
9.588388726103e-04
-5.303369736806e+00
-1.183798145528e+01
1.253990203178e-02
-3.890246683847e+00
-5.648194872294e-03
-7.460387627287e-03
3.886603162083e-03
3.871376848356e+00
2.108514188948e-03
-1.186262961427e+01
2.407845892095e+00
1.327717289897e-03
-5.655174700847e+00
-1.137883646747e+01
2.542308196211e-03
-3.667112257643e+00
-6.928517764176e-03
-6.542770475970e-03
2.653743557208e-03
3.635405926002e+00
5.073421547061e-03
-1.140685798779e+01
1.751569780063e+00
1.238712648725e-03
-5.915228010606e+00
-1.140942796349e+01
9.584525160904e-03
-3.689576890213e+00
-6.769018282206e-03
-4.844615194059e-03
7.264484982646e-03
3.682471354897e+00
5.304253470133e-03
-1.141900013904e+01
1.054493222728e+00
1.884969268663e-03
-6.092695216109e+00
-1.182400373320e+01
9.960908658518e-03
-3.870066931263e+00
4.094199026451e-03
-5.339282032756e-03
1.032460861319e-02
3.844483183931e+00
-9.514249028039e-03
-1.182760082870e+01
3.397396989457e-01
2.594571962105e-03
-6.177575177160e+00
-1.144513329181e+01
1.107363385350e-02
-3.697068803197e+00
3.204157321445e-03
-5.392044687569e-03
1.192508650224e-02
3.659206177399e+00
-8.871376717559e-03
-1.144445208790e+01
-3.689496746096e-01
3.318021522123e-03
-6.168113183953e+00
-1.147096849477e+01
1.911188698118e-02
-3.737874631273e+00
-1.312841298394e-02
-4.640499875958e-03
1.169386416795e-02
3.727779285131e+00
7.254896911411e-03
-1.147289749922e+01
-1.085741563784e+00
4.244926865672e-03
-6.066335223656e+00
-1.190600867955e+01
2.568787247540e-02
-3.925826635302e+00
-2.648320400013e-02
-4.499503094611e-03
1.040522874708e-02
3.907943669225e+00
1.859151121800e-02
-1.189140688277e+01
-1.782637147028e+00
4.863082408729e-03
-5.871216222835e+00
-1.150117015135e+01
2.319213374462e-02
-3.710153727777e+00
-2.680252617466e-02
-4.332654232761e-03
9.407691750948e-03
3.681729662763e+00
1.885727317256e-02
-1.147273589198e+01
-2.426743948672e+00
5.074629494076e-03
-5.591174832233e+00
-1.126123620860e+01
1.842388372844e-02
-3.555031732086e+00
-2.214544585740e-02
-3.977737047616e-03
6.638138882031e-03
3.544446954781e+00
1.683350287674e-02
-1.125344706600e+01
-3.028616566629e+00
5.342435987314e-03
-5.226136163698e+00
-1.155774109945e+01
5.333813537646e-03
-3.634275063912e+00
-1.472678748812e-03
-4.012426420510e-03
-8.252138791312e-03
3.633820229674e+00
2.388177786577e-03
-1.154684073050e+01
-3.587574695560e+00
5.408616447777e-03
-4.781425159295e+00
-1.157162561496e+01
-7.518614511859e-02
-3.749315674905e+00
5.214287431733e-02
-4.111904904753e-03
-5.043994960907e-02
3.753209539942e+00
-4.656963815534e-02
-1.156640316773e+01
-4.108210960099e+00
5.457163144104e-03
-4.259563496503e+00
-1.214233626294e+01
1.297698064016e-02
-4.279101100688e+00
-4.216574518936e-02
-2.879641770193e-03
1.923289034908e-02
4.274560817699e+00
-5.264189622280e-03
-1.214804649677e+01
-4.595741744669e+00
4.435748988589e-03
-3.646267148834e+00
-1.289439415491e+01
4.828983523412e-01
-4.689728764199e+00
-3.651546410459e-01
4.587067479087e-04
3.493274025970e-01
4.701277100203e+00
1.797335737642e-01
-1.287988878240e+01
-4.982865838323e+00
-1.826034068691e-03
-2.984953508956e+00
-1.177088769051e+01
7.642604883815e-01
-3.744131438503e+00
-5.087430879799e-01
1.767337885969e-03
5.124282951153e-01
3.796131185739e+00
2.818152769688e-01
-1.170022333927e+01
-5.170276175411e+00
-1.477198585878e-02
-2.405849923595e+00
-8.454720233480e+00
-2.028832263524e-02
-1.108684414335e+00
-1.638089437069e-01
3.881638429555e-03
-1.868614603814e-01
1.161003889464e+00
3.233436201677e-01
-8.415739770516e+00
-5.184409781216e+00
-2.765724827495e-02
-1.925456422229e+00
-7.814106186177e+00
-1.816479764879e+00
-5.665003617797e-01
3.960505273481e-01
5.921342023750e-03
-1.668957409476e+00
3.928377468112e-01
3.902759098813e-01
-7.874416463800e+00
-5.235062222169e+00
-2.876316038994e-02
-1.245486732807e+00
-1.439967033706e+01
-2.076318577819e+00
-6.127470847039e+00
4.484302147860e-01
1.058615476839e-02
-1.822963934954e+00
5.479036142265e+00
4.002542804271e-01
-1.436022525345e+01
-5.325505838697e+00
-1.650417339779e-02
-7.065443734657e-02
-2.243873237131e+01
-1.697087710803e-01
-9.912683535080e+00
2.853710745200e-01
1.859974295400e-02
-4.599929189543e-02
9.832240964091e+00
-3.663859530243e-01
-2.236323111606e+01
-5.258938298851e+00
-1.381493919211e-03
1.384126507742e+00
-2.265596919704e+01
9.862434162917e-01
-1.005779607985e+01
3.073806133015e-01
-1.912959077106e-02
1.022877243849e+00
9.875779869487e+00
-8.545008701490e-01
-2.259386428873e+01
-5.045397642917e+00
3.788287949721e-03
1.969271223515e+00
6.127260917990e-01
5.652857957884e-01
6.709976554944e+00
2.143536839732e-01
-1.348555322053e-02
6.423264714632e-01
-6.862450710926e+00
-3.644221134264e-01
9.686579276629e-01
-4.761616059975e+00
2.524044802124e-03
1.848756281560e+00
-4.121814728074e+00
-7.087626950000e-03
2.733111448487e+00
-2.816767408312e-02
1.779621426721e-02
2.369150558775e-02
-2.893113854546e+00
4.427146746977e-02
-3.934217370452e+00
-4.444726542627e+00
2.570698463847e-03
2.144397990650e+00
-1.083082072163e+01
-8.446759691786e-02
-3.303621551448e+00
-8.391738764680e-02
1.078376469334e-03
-1.095251446160e-01
3.126044424001e+00
1.221406322266e-01
-1.045195810337e+01
-3.975235223778e+00
2.799483020049e-03
2.769774589554e+00
-1.437218794258e+01
-1.743009827202e-02
-5.670865055593e+00
-3.264997127918e-02
-3.148567573088e-03
-4.601853481280e-02
5.642195907442e+00
4.355446292458e-02
-1.437397733444e+01
-3.389874277422e+00
2.827651628013e-03
3.408400068732e+00
-1.303837836682e+01
1.700541725768e-03
-4.938313782173e+00
6.190819403909e-03
-3.586649564276e-03
-2.357341557009e-03
4.933458575235e+00
-9.581156209398e-03
-1.311741575070e+01
-2.783639365148e+00
2.926547246924e-03
3.889807167699e+00
-1.169048016485e+01
5.555862606801e-03
-3.853404180938e+00
1.546554006754e-02
-5.525013829076e-03
7.330045732820e-03
3.817733150340e+00
-1.687322022910e-02
-1.177293074763e+01
-2.183865743753e+00
2.644739395926e-03
4.215033349848e+00
-1.043178041489e+01
8.522355388066e-03
-2.975995847095e+00
1.648932548471e-02
-6.711889850504e-03
7.867482795459e-03
2.943471802973e+00
-1.841362345409e-02
-1.047805210219e+01
-1.570752514449e+00
2.042452541827e-03
4.440173232849e+00
-1.085336259146e+01
7.082808628975e-03
-3.290356945743e+00
6.531752261822e-03
-6.536880749857e-03
7.722943290271e-03
3.294274156823e+00
-8.663843810029e-03
-1.085526815978e+01
-8.913459001018e-01
1.639928677613e-03
4.607482895785e+00
-1.180255976076e+01
8.825664881491e-03
-3.879777227711e+00
-6.897036175489e-03
-7.636130271501e-03
5.802893813131e-03
3.856695917191e+00
6.757335709151e-03
-1.180229877515e+01
-1.792382544902e-01
1.226510328831e-03
4.693229261897e+00
-1.137718765662e+01
6.851690472696e-03
-3.698422262807e+00
-1.581237012033e-03
-7.619303483410e-03
4.734813237801e-03
3.645262088943e+00
-1.564015981171e-03
-1.137641488914e+01
5.237874891951e-01
7.938124055207e-04
4.684756195052e+00
-1.135433557566e+01
3.172475638913e-03
-3.706746799701e+00
2.643742655893e-03
-6.059480075576e-03
4.051388071068e-03
3.690580457840e+00
-4.964598280635e-03
-1.135646058891e+01
1.234136890143e+00
5.874531216911e-04
4.583924034937e+00
-1.182024241366e+01
6.799964278352e-03
-3.887015484426e+00
-4.333754921619e-03
-6.949201229411e-03
5.499425783809e-03
3.854472578477e+00
4.136508785097e-03
-1.179913338798e+01
1.918691905865e+00
3.889180094042e-04
4.390049576603e+00
-1.122964028598e+01
4.394521422598e-03
-3.550477102963e+00
-2.448236196400e-03
-7.129687116238e-03
3.325068021259e-03
3.512870725450e+00
7.858084659106e-04
-1.119382157119e+01
2.555173218005e+00
1.673402896684e-04
4.113007570416e+00
-1.127704432163e+01
4.336783529376e-04
-3.624673955034e+00
1.505218844487e-03
-5.843086566370e-03
1.343720993602e-03
3.614658738555e+00
-1.801482228301e-03
-1.127028958525e+01
3.169515691981e+00
1.190522619764e-04
3.748088562087e+00
-1.182834703845e+01
4.861193968529e-03
-3.872998586953e+00
-1.718113011946e-03
-6.791981746938e-03
4.393217505255e-03
3.867294249479e+00
2.137122284908e-03
-1.179553476408e+01
3.730389530831e+00
5.879865575480e-05
3.305833443916e+00
-1.131416455394e+01
2.095984878784e-03
-3.587707048273e+00
-9.575858273452e-04
-6.876706764194e-03
2.222063822711e-03
3.587245908458e+00
2.905148060130e-05
-1.126478060529e+01
4.216437743154e+00
-4.403403925575e-05
2.804091584627e+00
-1.132938983805e+01
-4.679731259791e-05
-3.654902574937e+00
4.518798883401e-04
-5.567104041981e-03
1.428724316104e-04
3.652740900791e+00
-4.081713593966e-05
-1.131683636030e+01
4.645796857908e+00
-1.221035495800e-05
2.230725414310e+00
-1.182816365588e+01
3.207879376597e-03
-3.861194049614e+00
-2.108376093146e-04
-6.471988806814e-03
2.635931248432e-03
3.879664789639e+00
8.340130023520e-04
-1.180138940872e+01
4.995089138452e+00
-1.912103603331e-05
1.606807034624e+00
-1.132817314562e+01
-3.801012672770e-04
-3.579405156711e+00
1.306722105772e-04
-6.554260424476e-03
3.607051810085e-04
3.612521012935e+00
-4.400656627169e-04
-1.129441778924e+01
5.252579863734e+00
-9.582747837529e-05
9.560900155749e-01
-1.134593187760e+01
2.619678310092e-04
-3.655607420552e+00
1.639651275185e-04
-5.355721815231e-03
-4.483626703996e-05
3.662749081799e+00
1.579805815024e-04
-1.133575219175e+01
5.429928490615e+00
-6.174231325153e-05
2.613937405925e-01
-1.182182952139e+01
3.156209886988e-03
-3.855842508773e+00
3.826404598073e-04
-6.223419517792e-03
2.306527505212e-03
3.886180510623e+00
-4.129386414436e-04
-1.181640386940e+01
5.514174742654e+00
-7.237481441750e-05
-4.498959780368e-01
-1.134385334291e+01
-1.601804877889e-03
-3.592394875465e+00
-2.709025854674e-05
-6.316537634715e-03
-5.389929107314e-04
3.637833682170e+00
-9.925083274919e-05
-1.134359828296e+01
5.503335658781e+00
-1.551191129634e-04
-1.151474422584e+00
-1.136520100586e+01
6.564907279041e-04
-3.664188653386e+00
-4.119282936415e-04
-5.171595272874e-03
3.533700265046e-04
3.676408057385e+00
-1.053435305480e-04
-1.136321053943e+01
5.401247384869e+00
-1.297794632070e-04
-1.862067646324e+00
-1.181619390182e+01
4.606113231213e-03
-3.859760164962e+00
8.514903201456e-04
-5.993712979601e-03
3.906460886244e-03
3.884016609771e+00
-2.594515146840e-03
-1.183320976109e+01
5.206712877068e+00
-1.259776982056e-04
-2.552512742570e+00
-1.135492967022e+01
-6.978374012057e-04
-3.615116243632e+00
-9.749399102725e-04
-6.122278224052e-03
5.173634251206e-04
3.646222591491e+00
5.218832303258e-04
-1.138592122826e+01
4.927800213596e+00
-1.686827566447e-04
-3.198055470709e+00
-1.138122922216e+01
1.328948878301e-03
-3.673586498932e+00
-1.246820524283e-03
-5.031819047850e-03
1.507444678363e-03
3.683506553424e+00
2.153561561251e-04
-1.138849755323e+01
4.561116616695e+00
-8.060079647934e-05
-3.816138033185e+00
-1.181543432297e+01
6.797490577648e-03
-3.868872182197e+00
2.414148856386e-03
-5.818775413782e-03
7.124910351829e-03
3.873649717378e+00
-6.350526957628e-03
-1.184368586316e+01
4.116662112004e+00
3.702327825635e-05
-4.380403930522e+00
-1.137338156736e+01
2.773829883019e-03
-3.646027304285e+00
-1.547739230285e-03
-5.961660304349e-03
4.072860215752e-03
3.645907336909e+00
1.124780593033e-04
-1.141584902742e+01
3.610995485405e+00
1.562957830360e-04
-4.871399963292e+00
-1.140269464752e+01
3.761437573406e-03
-3.688999957417e+00
-3.220430963651e-03
-4.936601701422e-03
3.687167431767e-03
3.690784508833e+00
2.155332400549e-03
-1.141463062251e+01
3.034878224999e+00
4.547554127491e-04
-5.302831745861e+00
-1.182851136296e+01
8.238343472076e-03
-3.883090566175e+00
4.395954685144e-03
-5.627316307363e-03
9.756104145299e-03
3.866729705398e+00
-9.807535604556e-03
-1.185098771890e+01
2.407458348169e+00
8.285754519537e-04
-5.654750848289e+00
-1.140257024824e+01
7.588767202983e-03
-3.675108706617e+00
-1.028555084508e-03
-5.741504554746e-03
8.628072091014e-03
3.645640635716e+00
-1.900567140926e-03
-1.143169018029e+01
1.751121203173e+00
9.034927104645e-04
-5.914670665167e+00
-1.140680726082e+01
8.359528802757e-03
-3.688126307164e+00
-4.606264032981e-03
-4.357379119485e-03
6.668265349538e-03
3.681246317626e+00
3.834761096543e-03
-1.141639723522e+01
1.054691975634e+00
1.463600158692e-03
-6.091864619032e+00
-1.180459128667e+01
9.959895259780e-03
-3.861146451641e+00
8.614808858772e-04
-5.157737990357e-03
1.070205970065e-02
3.837329400056e+00
-4.314635868737e-03
-1.180853162841e+01
3.401074663442e-01
2.158937150228e-03
-6.176631274093e+00
-1.145841432366e+01
1.010381333857e-02
-3.700911176775e+00
5.950646935002e-03
-5.386823771476e-03
1.201488746972e-02
3.664946961369e+00
-1.352467688515e-02
-1.145774065962e+01
-3.699187555449e-01
2.999207856541e-03
-6.167232825696e+00
-1.150028626974e+01
1.801713134337e-02
-3.751146649480e+00
-1.153335599757e-02
-4.205443572289e-03
1.084205359175e-02
3.740488953285e+00
6.030907052676e-03
-1.150231809514e+01
-1.088142407098e+00
3.860319779270e-03
-6.065493677509e+00
-1.192149214781e+01
3.036571372046e-02
-3.935680911450e+00
-3.325926218632e-02
-5.180644924211e-03
1.155707175252e-02
3.914829777364e+00
2.639714761483e-02
-1.190537823513e+01
-1.784939142662e+00
4.472570404431e-03
-5.870579985200e+00
-1.148224729902e+01
2.464454017139e-02
-3.703092354455e+00
-3.040742154683e-02
-5.376123391631e-03
7.660866806361e-03
3.672657733184e+00
2.020739871724e-02
-1.145059831668e+01
-2.428485928575e+00
4.759549276760e-03
-5.590825033600e+00
-1.126755189663e+01
1.567654597975e-02
-3.554144086950e+00
-2.166542184513e-02
-4.304621996971e-03
3.544603804968e-03
3.541907380587e+00
1.849114547576e-02
-1.125580790119e+01
-3.028338927340e+00
4.900205681062e-03
-5.226921112351e+00
-1.149146675409e+01
-3.835069878339e-03
-3.602984096084e+00
9.317289095589e-03
-6.666240552671e-03
-1.008108137458e-02
3.595175914332e+00
-2.558869194160e-04
-1.146729902300e+01
-3.582617983205e+00
4.922073223586e-03
-4.785786567608e+00
-1.145729513985e+01
-9.678637420578e-02
-3.708381084870e+00
7.283535456155e-02
-7.668050956804e-03
-5.690937127571e-02
3.708773440077e+00
-5.878719775910e-02
-1.144638443746e+01
-4.111438176587e+00
5.194542571199e-03
-4.257920395193e+00
-1.256518132211e+01
1.329306863692e-02
-4.483860081972e+00
-3.741556455970e-02
-5.935471119343e-03
2.348511399741e-02
4.476643194710e+00
-1.450192229195e-02
-1.257253500227e+01
-4.627064890641e+00
4.321554810835e-03
-3.616307548280e+00
-1.370384862319e+01
5.579522081720e-01
-5.049491200227e+00
-4.151669957365e-01
-4.026708257380e-03
4.003917228074e-01
5.099143278167e+00
1.884087268454e-01
-1.367350776553e+01
-5.026707999198e+00
-1.787972696260e-03
-2.941189617659e+00
-1.156452844407e+01
8.756819976496e-01
-3.613156578078e+00
-5.851689049038e-01
-1.767770145788e-03
5.844654642740e-01
3.733963698964e+00
2.954738453776e-01
-1.145641188147e+01
-5.184692535074e+00
-1.486436549387e-02
-2.420555993402e+00
-6.694036750167e+00
5.980065212179e-03
-2.431206634238e-01
-1.966787859999e-01
-7.169216123367e-04
-1.795079528158e-01
3.308206581904e-01
3.585110351260e-01
-6.631900499657e+00
-5.151851628457e+00
-2.767585227340e-02
-2.060791951555e+00
-5.677650805231e+00
-1.908986483525e+00
4.249660110462e-01
4.231839649956e-01
-4.862337946982e-03
-1.720481106775e+00
-6.778070363768e-01
4.407764108458e-01
-5.618867541092e+00
-5.199100304952e+00
-2.793487596961e-02
-1.389722132937e+00
-1.625221402368e+01
-1.938230055781e+00
-7.122765532301e+00
4.530501162358e-01
2.782640276871e-04
-1.727147432904e+00
6.373855620903e+00
3.583322456911e-01
-1.633068606337e+01
-5.305796696355e+00
-1.464742254786e-02
-7.270418003689e-02
-2.492839273993e+01
-2.164052915048e-02
-1.104432948402e+01
2.223073177404e-01
1.560530269152e-02
2.824145164258e-02
1.100179492405e+01
-4.135047485642e-01
-2.483238799188e+01
-5.239485706134e+00
-2.600073251990e-03
1.461769368348e+00
-2.263900146803e+01
7.723285284515e-01
-9.937419105011e+00
1.748626423602e-01
-1.403358558807e-02
8.673114232153e-01
9.908312364102e+00
-5.862104145906e-01
-2.250464328477e+01
-5.032000490419e+00
2.913055729418e-03
2.012909302076e+00
1.678716094276e+00
2.778645447699e-01
7.126216298947e+00
1.146213254467e-01
-1.191802834159e-02
4.254312004490e-01
-7.336210814293e+00
-3.184691059206e-01
1.951292018036e+00
-4.761174470122e+00
4.075781194502e-03
1.850183761245e+00
-3.728867521455e+00
3.746450202455e-02
2.900180424290e+00
3.129001396517e-02
1.297657095206e-02
1.992653114880e-02
-3.089365038235e+00
-1.058324648877e-02
-3.552260695920e+00
-4.447794692276e+00
2.876718218195e-03
2.137139681192e+00
-1.090859600054e+01
-3.484671650832e-02
-3.334487738167e+00
7.464251507155e-03
-1.624497729089e-03
-6.914967448390e-02
3.156149946858e+00
5.584189482834e-02
-1.053065057760e+01
-3.976053384004e+00
2.434618965449e-03
2.766756336521e+00
-1.444468502532e+01
-1.830741984738e-02
-5.719224328505e+00
1.106330475291e-02
-4.564833605417e-03
-3.018288671678e-02
5.684720492010e+00
7.642151697400e-03
-1.445438952780e+01
-3.388859552179e+00
2.520586599812e-03
3.408676575169e+00
-1.306803834082e+01
-3.677809580179e-04
-4.959169186827e+00
1.923638851529e-02
-3.817613972820e-03
1.003042711016e-02
4.953623617573e+00
-2.206441729133e-02
-1.314977039386e+01
-2.781622505215e+00
2.458143747013e-03
3.891278605492e+00
-1.170420432341e+01
1.620449095073e-02
-3.856495857631e+00
3.454349256156e-02
-6.087245494675e-03
3.000463763421e-02
3.818939272253e+00
-4.756077657338e-02
-1.178908667874e+01
-2.182138101004e+00
2.100644393424e-03
4.216308237764e+00
-1.040592538646e+01
1.465961137638e-02
-2.967342562317e+00
2.642162550142e-02
-7.083341137131e-03
2.447581293090e-02
2.932990850388e+00
-3.577463727508e-02
-1.045304151534e+01
-1.570469949013e+00
1.597526623184e-03
4.440818737822e+00
-1.082825310099e+01
1.205613966263e-02
-3.280737466415e+00
6.814147977960e-04
-6.296764684980e-03
8.792275405396e-03
3.284622965341e+00
-4.447347776126e-03
-1.082974565438e+01
-8.919957392423e-01
1.025455907031e-03
4.607776026340e+00
-1.179635896298e+01
9.294537919325e-03
-3.875244204675e+00
-9.364776428287e-03
-7.656235710490e-03
1.743622092792e-03
3.853354512185e+00
8.173948039761e-03
-1.179581194170e+01
-1.796431398313e-01
6.105701317624e-04
4.693521376278e+00
-1.139165945788e+01
7.697041375122e-03
-3.704507852342e+00
-8.560358134445e-03
-7.534477351347e-03
2.722552746354e-03
3.652343227234e+00
8.276406981573e-03
-1.139048015560e+01
5.239138554252e-01
3.588418684049e-04
4.685108871373e+00
-1.135617346909e+01
4.233064485319e-03
-3.708441368788e+00
6.177571637355e-04
-5.791960179500e-03
4.794557252451e-03
3.692345902093e+00
-3.395723547103e-03
-1.135828170996e+01
1.234041365416e+00
3.924589577370e-05
4.584293283249e+00
-1.181062981092e+01
2.889483969142e-03
-3.882860243915e+00
1.952432723674e-03
-6.770552880351e-03
3.698574721641e-03
3.851023567213e+00
-4.089037288014e-03
-1.179037044610e+01
1.918488464803e+00
-1.781758224637e-04
4.390380067784e+00
-1.123552129957e+01
5.745032604316e-03
-3.551962167202e+00
-2.643867259564e-03
-6.941491794655e-03
4.902576278097e-03
3.515068626772e+00
2.709921111173e-03
-1.120072805804e+01
2.555214249061e+00
-2.517737894672e-04
4.113204181562e+00
-1.127953190235e+01
3.187595437510e-03
-3.625740563696e+00
-5.052954585693e-04
-5.707732718085e-03
3.514637716671e-03
3.615788140811e+00
-1.041612992437e-03
-1.127296919616e+01
3.169476515332e+00
-4.190856074539e-04
3.748318656986e+00
-1.182270105406e+01
5.254939547371e-04
-3.871289541512e+00
6.907809189883e-04
-6.658515140744e-03
1.278795444688e-03
3.865504606428e+00
-1.947481894238e-03
-1.179052039216e+01
3.730272929923e+00
-4.928295662975e-04
3.306083436587e+00
-1.131687392048e+01
5.041633646623e-03
-3.588438529108e+00
-2.002605391873e-03
-6.761680440757e-03
3.961335821538e-03
3.587752421606e+00
2.261753687169e-03
-1.126814981217e+01
4.216434323589e+00
-4.477789509508e-04
2.804195276869e+00
-1.133240371894e+01
2.337603651866e-03
-3.656044308898e+00
-6.065561854303e-04
-5.552820102019e-03
2.431974157051e-03
3.653818955521e+00
-7.911778905490e-05
-1.131992598682e+01
4.645834372648e+00
-5.275006261798e-04
2.230784324910e+00
-1.182706262304e+01
-2.479212121260e-03
-3.861170201147e+00
1.099271171210e-03
-6.423171030245e-03
-1.196363991401e-03
3.879546510990e+00
-1.304482649831e-03
-1.180030947354e+01
4.995097462286e+00
-5.494404942820e-04
1.606906521304e+00
-1.132768415129e+01
2.810920542394e-03
-3.578978705990e+00
4.019981492729e-05
-6.519155113747e-03
2.101420251018e-03
3.611921212636e+00
3.452454813814e-04
-1.129390447263e+01
5.252577448875e+00
-4.851371733969e-04
9.561761432112e-01
-1.134686530529e+01
2.190437461391e-03
-3.655850546304e+00
-2.546661925776e-04
-5.401928918800e-03
2.232899328047e-03
3.662947799172e+00
-6.219942673655e-04
-1.133669549763e+01
5.429944208007e+00
-5.568883076271e-04
2.614259805373e-01
-1.182272029356e+01
-2.613111404064e-03
-3.856354412934e+00
1.953812810435e-05
-6.204672087852e-03
-1.500485613144e-03
3.886735453205e+00
-2.195738528879e-04
-1.181732578541e+01
5.514194932173e+00
-5.817747178927e-04
-4.498692865075e-01
-1.134317565067e+01
1.785800973186e-03
-3.592008844618e+00
5.569276257937e-04
-6.289576007247e-03
1.208738516877e-03
3.637495027668e+00
-6.199168804132e-04
-1.134286381320e+01
5.503344113430e+00
-5.306049867012e-04
-1.151365294556e+00
-1.136331606775e+01
1.826674487571e-03
-3.663335499456e+00
6.722590913566e-04
-5.205350840385e-03
2.425192876647e-03
3.675459303786e+00
-1.658910527413e-03
-1.136130291980e+01
5.401247997597e+00
-6.061789805664e-04
-1.861889875488e+00
-1.181606496455e+01
-5.966010964290e-04
-3.859811542593e+00
-7.551203498522e-04
-5.911147087626e-03
5.161474264447e-04
3.883686109244e+00
-2.239367807042e-04
-1.183292114531e+01
5.206681825572e+00
-6.157261117211e-04
-2.552409908700e+00
-1.135791818487e+01
2.369809090699e-03
-3.616300496693e+00
3.019637663735e-04
-6.008211846805e-03
2.027876050651e-03
3.647188173475e+00
-1.382832057631e-03
-1.138865938442e+01
4.927773368944e+00
-5.303767618289e-04
-3.197883680419e+00
-1.137630074357e+01
1.662269587706e-03
-3.671444659234e+00
6.949628054211e-04
-4.963607494894e-03
2.793304446532e-03
3.681244801014e+00
-1.659039711306e-03
-1.138334361331e+01
4.561195425856e+00
-5.379616544014e-04
-3.815668445880e+00
-1.181130123378e+01
2.841824780524e-03
-3.866826969785e+00
-3.395878889209e-04
-5.591669596760e-03
4.539030746656e-03
3.871314676444e+00
-2.107912985028e-03
-1.183822745131e+01
4.116606186608e+00
-4.336688328141e-04
-4.380031618856e+00
-1.138403993056e+01
4.979093421381e-03
-3.649768560190e+00
2.752340478645e-04
-5.699710709975e-03
5.145017723250e-03
3.649663055948e+00
-3.046109462176e-03
-1.142530500248e+01
3.610824107609e+00
-1.917993704229e-04
-4.871088059567e+00
-1.139664804234e+01
3.327894029225e-03
-3.686197828172e+00
-9.842516754883e-04
-4.669917278888e-03
4.039381671818e-03
3.688152600134e+00
3.357155464035e-04
-1.140820803342e+01
3.035080814122e+00
1.770086099619e-05
-5.302112711946e+00
-1.181840042474e+01
6.171568371016e-03
-3.877662139378e+00
7.079031133032e-04
-5.278553252802e-03
8.176440773528e-03
3.862699240611e+00
-4.067468048343e-03
-1.183906182498e+01
2.407451276241e+00
3.786507238555e-04
-5.654056000369e+00
-1.142069178051e+01
8.355895609912e-03
-3.680785114342e+00
8.892841214378e-04
-5.408004078001e-03
8.697781939421e-03
3.652737997386e+00
-5.378094408858e-03
-1.144833187362e+01
1.751024542319e+00
5.532014585100e-04
-5.913843972269e+00
-1.141251443892e+01
1.309815387041e-02
-3.689081545464e+00
5.501689769812e-03
-4.617040343440e-03
1.549420912919e-02
3.682900934500e+00
-9.430519533837e-03
-1.142197496727e+01
1.054995446979e+00
1.038169845102e-03
-6.090919697418e+00
-1.178978379985e+01
3.476042274679e-03
-3.854037826393e+00
7.514803896530e-03
-5.821832828363e-03
1.254357789497e-02
3.831324348410e+00
-9.471787028566e-03
-1.179131705351e+01
3.407771333749e-01
1.728187356245e-03
-6.175489758696e+00
-1.146203794870e+01
1.239331202437e-02
-3.699758095367e+00
9.078258529110e-03
-5.018585132763e-03
1.640076124184e-02
3.667773622708e+00
-1.742810059593e-02
-1.146118933600e+01
-3.705161516524e-01
2.652416588039e-03
-6.166111289714e+00
-1.153856475143e+01
1.797905889663e-02
-3.768244484837e+00
5.351014113235e-04
-4.692054013566e-03
1.757038556535e-02
3.758257767192e+00
-8.040266721265e-03
-1.154122597006e+01
-1.090706078116e+00
3.399273196334e-03
-6.064517222721e+00
-1.194195306585e+01
2.266707353821e-02
-3.949015871152e+00
-3.008838198164e-02
-6.427241438085e-03
1.266908938990e-02
3.927124836791e+00
2.830429741530e-02
-1.192395958154e+01
-1.787515749786e+00
3.990293319479e-03
-5.869785155390e+00
-1.145987584038e+01
3.154898185783e-02
-3.693320035486e+00
-3.568541136911e-02
-6.526919238265e-03
1.344446933969e-02
3.662985840780e+00
2.620690381035e-02
-1.142617885628e+01
-2.429795694344e+00
4.374444716023e-03
-5.590404868860e+00
-1.126023377214e+01
1.235892328302e-02
-3.543193211264e+00
-9.702574438683e-03
-5.478867155618e-03
6.574000932441e-03
3.526978067869e+00
8.535105071205e-03
-1.124465662797e+01
-3.025627658089e+00
4.259853216106e-03
-5.228314833441e+00
-1.138306525620e+01
-4.372321286758e-02
-3.540983408361e+00
6.062902489968e-02
-1.027023105927e-02
-2.287618249766e-02
3.536026495274e+00
-3.214207685718e-02
-1.134100033735e+01
-3.573993851818e+00
4.188424517460e-03
-4.791381636271e+00
-1.136624036676e+01
-1.568921386478e-01
-3.670983616735e+00
1.437888151824e-01
-1.079986163568e-02
-8.171282311201e-02
3.686721088511e+00
-1.090589913772e-01
-1.135277524640e+01
-4.113276560450e+00
4.583245255963e-03
-4.256165430152e+00
-1.304758070079e+01
-1.776329372536e-02
-4.731225056787e+00
3.119743970571e-03
-1.086715566048e-02
1.149491327405e-02
4.723237397509e+00
-3.945824086920e-02
-1.306084622677e+01
-4.663070141689e+00
3.665643454043e-03
-3.581664430750e+00
-1.461650818381e+01
6.390259249559e-01
-5.508792549541e+00
-4.882036837241e-01
-1.000832058290e-02
4.623463792073e-01
5.536905724986e+00
2.555048264044e-01
-1.455010259269e+01
-5.078860592689e+00
-2.282416714025e-03
-2.888448413510e+00
-1.137231499107e+01
1.104839123486e+00
-3.483990744866e+00
-7.187293481568e-01
-1.195162826800e-02
7.434384016239e-01
3.645844664220e+00
3.492242251716e-01
-1.119124249043e+01
-5.200666045622e+00
-1.536653524046e-02
-2.437036060695e+00
-4.579375892260e+00
3.052558995646e-02
8.652909137775e-01
-2.225656927316e-01
-5.344033061899e-03
-2.021068497215e-01
-7.165432184479e-01
3.702976893287e-01
-4.484880664330e+00
-5.102566457328e+00
-2.855090760581e-02
-2.237072552194e+00
-2.789736909610e+00
-2.984975980241e+00
1.819244673506e+00
8.488963333277e-01
-3.480764563476e-02
-2.608770139814e+00
-2.025003945064e+00
3.563883481227e-01
-2.879527278473e+00
-5.148969916702e+00
-2.914879849681e-02
-1.586238579720e+00
-1.890793074500e+01
-3.608428862637e+00
-8.457470144022e+00
8.579877305378e-01
-3.531694157745e-02
-3.515334528785e+00
7.724027280822e+00
8.211585161197e-01
-1.875359951409e+01
-5.287027054816e+00
-1.459037549408e-02
-7.228938693254e-02
-2.753751213599e+01
-2.042169850954e-02
-1.221430330228e+01
2.783602727544e-01
-2.855343803634e-02
-2.401895143971e-02
1.229406036741e+01
-3.386733096705e-01
-2.752671120494e+01
-5.230054884784e+00
-5.427759805578e-03
1.522439924656e+00
-2.195882917255e+01
6.760968417607e-01
-9.726278847323e+00
8.814949650545e-02
-8.733921392146e-02
8.169169908803e-01
9.807310299265e+00
-6.152541925742e-01
-2.216174909670e+01
-5.036588577825e+00
7.435187094149e-04
2.046852871275e+00
2.033043576745e+00
2.874637405408e-01
7.723678908299e+00
-2.926595303792e-01
-7.999349479142e-02
5.228008368068e-01
-7.763221069994e+00
-3.470484470772e-01
2.257135443472e+00
-4.759404717838e+00
3.823799863699e-03
1.849727954362e+00
-3.395717987384e+00
-6.174059465176e-02
3.340015759365e+00
-2.116916863521e-03
-2.265765649297e-02
-1.040021544227e-01
-3.482137313581e+00
2.843784131621e-02
-3.259480183268e+00
-4.449693290868e+00
1.743789807461e-03
2.122505463311e+00
-1.088812709243e+01
-1.243419819737e-01
-3.344923523449e+00
-7.934510769670e-02
-3.200144415179e-02
-3.017990652601e-01
3.173686521484e+00
3.318738772670e-01
-1.053664454601e+01
-3.977874578257e+00
1.713767977468e-03
2.758718013088e+00
-1.455652085075e+01
-5.106354380746e-02
-5.829182965293e+00
-6.510835566142e-02
-1.387700046678e-02
-1.628146820304e-01
5.786388596085e+00
1.706045598715e-01
-1.458986539034e+01
-3.387354013748e+00
2.104991715584e-03
3.409092571077e+00
-1.316177929361e+01
-6.038190344090e-03
-5.036859965734e+00
1.956842358470e-02
-7.480654604402e-03
9.399969747315e-03
5.021786552421e+00
-2.123064773416e-02
-1.325114414027e+01
-2.777638349119e+00
1.861271911636e-03
3.895846669815e+00
-1.173109168048e+01
3.691486112760e-02
-3.870105152368e+00
6.150803777843e-02
-9.718550475822e-03
8.929958518314e-02
3.829052554722e+00
-1.157157501789e-01
-1.181675361119e+01
-2.179328901273e+00
1.464404435746e-03
4.219278393832e+00
-1.033583016598e+01
3.206369827578e-03
-2.917349685081e+00
4.603460759311e-02
-7.525989960735e-03
5.090308590023e-02
2.882177482714e+00
-6.899102043049e-02
-1.037743560537e+01
-1.570994371375e+00
1.058154190960e-03
4.441140321189e+00
-1.079272535392e+01
7.650427146957e-03
-3.255389964960e+00
-2.154214488001e-02
-7.415645586283e-03
-5.612406578205e-03
3.261543575910e+00
2.230918154218e-02
-1.079319228099e+01
-8.937838310177e-01
3.799298865396e-04
4.607496029729e+00
-1.179393522936e+01
2.582512886427e-02
-3.874261216829e+00
-3.666456058389e-02
-8.941089470674e-03
-8.683555412788e-03
3.852649954722e+00
3.674080823435e-02
-1.179220611434e+01
-1.810112577174e-01
3.946191100190e-07
4.693416539268e+00
-1.140301310077e+01
8.583682919885e-03
-3.712650418582e+00
-2.355875287746e-02
-7.618925151151e-03
-4.787628949759e-03
3.662282460705e+00
2.403247419069e-02
-1.140182126104e+01
5.234259804011e-01
-1.235320349302e-04
4.685282506268e+00
-1.137380305838e+01
6.192160595620e-03
-3.719176953361e+00
-1.733372227464e-02
-6.533498712123e-03
-5.504821912041e-04
3.702449152063e+00
1.594368664001e-02
-1.137568936032e+01
1.234031574522e+00
-5.359711616262e-04
4.584692647994e+00
-1.180777345017e+01
1.163127196030e-02
-3.882081275878e+00
-2.778273165884e-03
-8.114171695470e-03
7.532632076692e-03
3.851772042879e+00
-5.773595781109e-03
-1.178630557079e+01
1.918054928396e+00
-7.497134465092e-04
4.390739204308e+00
-1.122496599314e+01
2.528815532505e-03
-3.544122615947e+00
-6.171542375312e-03
-6.998431177902e-03
3.307779296415e-03
3.509984334920e+00
8.074570669566e-03
-1.119181697485e+01
2.554571678661e+00
-7.292669860611e-04
4.113516244089e+00
-1.128969218158e+01
1.350550907780e-02
-3.629310088775e+00
-2.064173631353e-02
-6.471873212765e-03
5.839589231279e-03
3.619271353544e+00
1.667755648918e-02
-1.128309408780e+01
3.169172041732e+00
-9.862295980645e-04
3.748633814910e+00
-1.182263785891e+01
1.380633253596e-02
-3.872230196620e+00
-8.582269770158e-03
-7.985608388010e-03
7.711667015098e-03
3.867818879498e+00
-2.895718069845e-03
-1.179021114415e+01
3.729766992622e+00
-1.051947349789e-03
3.306499331314e+00
-1.130742643113e+01
7.375009364774e-03
-3.583911374100e+00
-9.187008057097e-03
-7.005533503179e-03
5.004902532626e-03
3.584058320285e+00
9.398962962552e-03
-1.126074576869e+01
4.215861105129e+00
-9.144265744520e-04
2.804656571531e+00
-1.134368543676e+01
1.798868136845e-02
-3.660353251691e+00
-1.751582844722e-02
-6.383445960017e-03
1.228648715495e-02
3.658536674946e+00
1.187702316086e-02
-1.133082227192e+01
4.645705050242e+00
-1.080321930206e-03
2.231020044975e+00
-1.183022932018e+01
8.634841380326e-03
-3.863476138176e+00
-4.074195394053e-03
-7.843392621243e-03
8.225624307598e-03
3.883211711926e+00
-6.956094142988e-03
-1.180369181787e+01
4.994845655471e+00
-1.093446654505e-03
1.607307046602e+00
-1.131556513331e+01
7.599869726679e-03
-3.573845316217e+00
-5.587294525254e-03
-6.903632141145e-03
6.096464138280e-03
3.606568609701e+00
5.994724317084e-03
-1.128366156331e+01
5.252210827020e+00
-9.397080510210e-04
9.568063537758e-01
-1.135533750294e+01
2.091105051226e-02
-3.658722692112e+00
-1.124014246753e-02
-6.242811861734e-03
1.778038363463e-02
3.666578894811e+00
4.107370276350e-03
-1.134566788087e+01
5.429879909922e+00
-1.093252493664e-03
2.617007179463e-01
-1.182705717566e+01
5.696670142553e-03
-3.859250864778e+00
-9.331693466290e-04
-7.615328884905e-03
9.299821968781e-03
3.890580347649e+00
-9.427861651190e-03
-1.182270155604e+01
5.514104191555e+00
-1.107191641920e-03
-4.494579080498e-01
-1.133172568234e+01
8.324264368730e-03
-3.587884932699e+00
-2.742652628513e-03
-6.609276318460e-03
7.112089998918e-03
3.632095516635e+00
2.423845743615e-03
-1.133249835325e+01
5.503241734424e+00
-9.667448177246e-04
-1.150641704262e+00
-1.136938564140e+01
2.036486055943e-02
-3.665476493925e+00
-3.511537308185e-03
-6.012268349611e-03
2.030368341192e-02
3.677962040263e+00
-4.088784116020e-03
-1.136772681337e+01
5.401284365258e+00
-1.115134740027e-03
-1.861492024629e+00
-1.181914214303e+01
3.059370735660e-03
-3.862638248672e+00
2.795082916183e-03
-7.265557215626e-03
1.002583113056e-02
3.886195921689e+00
-1.119025849685e-02
-1.183716647344e+01
5.206715272840e+00
-1.113089976077e-03
-2.551935915901e+00
-1.135044612195e+01
8.878198456367e-03
-3.613675848489e+00
-5.176742832665e-05
-6.135711486167e-03
7.960282358857e-03
3.642827008600e+00
-1.059471116527e-03
-1.138055838315e+01
4.927878506545e+00
-9.419409941957e-04
-3.197147458284e+00
-1.138016830439e+01
1.700837155457e-02
-3.672680713074e+00
3.460111816824e-03
-5.639050088642e-03
1.974562113542e-02
3.682507568038e+00
-1.021093399630e-02
-1.138738464101e+01
4.561366190411e+00
-1.012162075125e-03
-3.815068619556e+00
-1.181110217595e+01
1.484086501176e-03
-3.868259520012e+00
5.929120712081e-03
-6.715469438186e-03
1.052147130004e-02
3.871333121865e+00
-1.210297072860e-02
-1.183771861182e+01
4.116732249197e+00
-8.960755414129e-04
-4.379386832874e+00
-1.138363058150e+01
1.003343100924e-02
-3.648690718777e+00
1.723826468216e-03
-5.521755952666e-03
9.434279321803e-03
3.648333286954e+00
-4.368295472081e-03
-1.142225798627e+01
3.610948531919e+00
-5.726609101095e-04
-4.870350936805e+00
-1.140037405065e+01
1.359206316622e-02
-3.687193063703e+00
6.919746174780e-03
-5.129010227546e-03
1.739173585082e-02
3.689266107652e+00
-1.204225475725e-02
-1.141157634857e+01
3.035330258015e+00
-4.206395451801e-04
-5.301366862161e+00
-1.181429527163e+01
9.488496391346e-04
-3.876511492788e+00
6.709167634180e-03
-6.078143141754e-03
1.005337315740e-02
3.861208464202e+00
-1.038473022750e-02
-1.183256240695e+01
2.407610979992e+00
-5.090000794804e-05
-5.653240714923e+00
-1.142677577510e+01
1.150619646386e-02
-3.680510429781e+00
1.492980856043e-03
-4.962937181337e-03
1.066826378102e-02
3.655325746972e+00
-5.726399402474e-03
-1.145203288552e+01
1.487527723248e+00
5.909357152041e-04
-5.091935748362e+00
-1.053552055207e+01
-2.236487078744e-02
-3.371411703974e+00
2.660189112240e-03
9.411357574835e-04
-2.049223894284e-02
3.374217637687e+00
4.442749826007e-03
-1.053329924547e+01
1.244026866625e+00
1.828081309588e-04
-4.333973943826e+00
-9.675984300627e+00
-3.623325880494e-03
-3.143693344142e+00
-3.824850757857e-03
-3.935872132392e-04
-7.971101115543e-03
3.118277050480e+00
1.533090248443e-02
-9.685457088760e+00
9.750660332627e-01
-1.327267952728e-09
-3.505168490100e+00
-1.243940551881e+01
2.121563077657e-09
-4.017301851922e+00
-8.313579267084e-04
-5.646597476323e-04
5.896958403380e-03
3.951872007975e+00
-5.154892373945e-03
-1.246414013128e+01
1.487160438489e+00
6.813436706470e-04
-5.092548063664e+00
-1.052579414922e+01
8.059850266723e-03
-3.370085644158e+00
-6.884382655699e-03
8.246868772701e-04
4.427383296291e-03
3.366692921301e+00
5.584179352374e-03
-1.052817885222e+01
1.243813686530e+00
2.416060685063e-04
-4.334374482451e+00
-9.681323276465e+00
-2.696633215393e-03
-3.146080334426e+00
-1.694659972496e-03
1.232385816400e-03
-2.301802327329e-03
3.117503476885e+00
4.710373257663e-03
-9.692340579721e+00
9.750660345051e-01
-5.562797411833e-10
-3.505168490063e+00
-1.243873173901e+01
2.121538496221e-09
-4.018925809925e+00
-3.942005221078e-03
5.936412340236e-04
-1.804117514204e-03
3.949247791502e+00
6.792000854014e-04
-1.246735144194e+01
1.486818109912e+00
7.447048120300e-04
-5.092292288373e+00
-1.052057941891e+01
1.354056984063e-03
-3.367982299745e+00
-1.906944473605e-03
5.833367120892e-04
1.887917670121e-03
3.364084084874e+00
4.994984773149e-03
-1.052321465450e+01
1.243645643701e+00
3.531928831433e-04
-4.334363597697e+00
-9.679041700584e+00
4.048918441993e-03
-3.145570577443e+00
-3.632235297477e-03
2.194251000924e-03
2.056481644280e-03
3.114990669999e+00
4.899913476611e-03
-9.690866727560e+00
9.750660320467e-01
-9.368681425610e-11
-3.505168490643e+00
-1.243847092238e+01
2.121537187380e-09
-4.019564479344e+00
1.036929819590e-03
-1.788071036397e-04
3.505203005229e-04
3.947838617898e+00
4.029080621723e-03
-1.246838529531e+01
1.486306915499e+00
8.289784663617e-04
-5.091200723145e+00
-1.052053059854e+01
3.305255691336e-02
-3.365652688193e+00
-1.606614690574e-02
2.339251433558e-04
2.601614671001e-02
3.367230085116e+00
6.066199627936e-03
-1.051919480622e+01
1.243286171380e+00
4.319721696626e-04
-4.334003308615e+00
-9.668565307489e+00
6.233847375953e-03
-3.141372641645e+00
-9.549997080361e-03
1.968528288205e-03
5.332316743304e-03
3.110158440079e+00
-3.548226904700e-03
-9.680630495818e+00
9.750660314387e-01
6.051082805295e-11
-3.505168490452e+00
-1.243815028470e+01
2.121555216178e-09
-4.020451907308e+00
1.747738730101e-02
-1.220243707251e-03
1.854306245718e-03
3.941674045136e+00
9.941843794962e-03
-1.246854690775e+01
-2.982923103093e-01
1.890207755716e-03
-5.302768501108e+00
-1.058827954975e+01
3.669462569973e-03
-3.402153287897e+00
-1.491502916387e-02
2.394347410762e-04
-1.658425055256e-03
3.408335620438e+00
1.418162228305e-02
-1.058924481766e+01
-2.332908159246e-01
7.012063682599e-04
-4.506052768893e+00
-9.711886060022e+00
1.938008675978e-02
-3.137965382851e+00
-1.883216795423e-02
-3.106329607802e-03
9.087399807658e-03
3.121891156489e+00
1.919142492609e-02
-9.705088227357e+00
-1.648235243650e-01
-1.048836732461e-09
-3.637198692173e+00
-1.244243749830e+01
2.121436609601e-09
-4.009570071781e+00
2.300205502360e-02
-9.611047614518e-04
6.064686275615e-03
3.952563511025e+00
-3.687174908792e-03
-1.242755785780e+01
-2.995802645160e-01
1.921406765447e-03
-5.301817710089e+00
-1.058220226139e+01
3.017229723154e-02
-3.402121337074e+00
-1.286086667091e-02
6.094921675771e-04
2.262207485001e-02
3.398892109628e+00
4.833784582742e-03
-1.058203311632e+01
-2.342036724298e-01
6.991554339248e-04
-4.505498742418e+00
-9.706696730207e+00
9.096675848080e-03
-3.136293545980e+00
-8.452048815532e-03
-1.676528361790e-04
6.036396004316e-03
3.111072172313e+00
1.030141112172e-02
-9.697380868325e+00
-1.648235243562e-01
-8.175402689970e-10
-3.637198692908e+00
-1.244171292270e+01
2.121429484101e-09
-4.011570897587e+00
-8.496603146340e-03
1.047846376676e-03
-1.369862386681e-03
3.938733688475e+00
4.331347045473e-03
-1.242069966300e+01
-3.005113013588e-01
1.982142080751e-03
-5.300018677385e+00
-1.057632933423e+01
2.779764786677e-02
-3.400058792562e+00
-1.036188615160e-02
6.291455365530e-04
2.241907242189e-02
3.393777117709e+00
5.097916448020e-03
-1.057500244632e+01
-2.347810042438e-01
8.059459392701e-04
-4.504669617371e+00
-9.692027506956e+00
1.972197103682e-02
-3.129761235636e+00
-9.266810767601e-03
3.413554982239e-03
1.468048088686e-02
3.096797281264e+00
5.443856886417e-03
-9.678723866693e+00
-1.648235258894e-01
8.786337964025e-10
-3.637198691792e+00
-1.244123464864e+01
2.121425808010e-09
-4.012798784141e+00
-2.884525159583e-03
-6.721590019951e-04
6.714704645591e-04
3.931895431378e+00
5.788755505500e-03
-1.241656974226e+01
-3.014535171065e-01
2.110455902886e-03
-5.297085578439e+00
-1.057545131877e+01
6.151245726827e-02
-3.398486263604e+00
-1.845005701079e-02
7.024575093462e-04
5.346545537739e-02
3.396820153618e+00
-7.203313909490e-03
-1.057511117268e+01
-2.356198581960e-01
9.234026321816e-04
-4.503237616723e+00
-9.665028959050e+00
2.111327068377e-02
-3.117588403982e+00
-2.102433094551e-02
4.401413255551e-03
2.008363212552e-02
3.077976517520e+00
-8.359395804768e-05
-9.650507722250e+00
-1.648235268058e-01
7.244361540935e-10
-3.637198692063e+00
-1.244097664400e+01
2.121423960401e-09
-4.013424121172e+00
3.812830139723e-02
-5.955015857184e-04
-4.595275629166e-03
3.916018147294e+00
1.498509461617e-02
-1.241018363556e+01
-2.029930279157e+00
2.992513381076e-03
-4.830475900081e+00
-1.054507952411e+01
1.333675452880e-02
-3.359537356645e+00
-2.880748004046e-02
-9.352227807610e-04
6.270603473670e-03
3.364896928037e+00
2.131286668040e-02
-1.055482649948e+01
-1.664443264309e+00
1.111779887840e-03
-4.110568530503e+00
-9.927646872865e+00
3.756985218776e-02
-3.321881223174e+00
-2.443835550167e-02
-5.888577354316e-03
2.897294057395e-02
3.319221388206e+00
1.005477695832e-02
-9.926409515748e+00
-1.268469929006e+00
-1.465278142049e-10
-3.322961844522e+00
-1.244754118958e+01
2.121127442009e-09
-3.999508162375e+00
5.145409191902e-02
-2.357492429708e-03
-1.327153998069e-02
3.971175340092e+00
-5.559329778628e-03
-1.242192502861e+01
-2.031832289406e+00
2.906975978644e-03
-4.829749814432e+00
-1.055126007458e+01
1.891062795215e-02
-3.361251160111e+00
-1.813604934300e-02
-7.508040850500e-05
8.477921612444e-03
3.361874760767e+00
1.757607826450e-02
-1.055292037124e+01
-1.665678341864e+00
1.014931718022e-03
-4.109580972268e+00
-9.940274083485e+00
1.068645374850e-02
-3.321392810655e+00
-1.454695012814e-02
-2.449757080195e-03
2.161028491811e-03
3.312539227356e+00
1.670860880230e-02
-9.925655008867e+00
-1.268469929922e+00
-1.071713668059e-09
-3.322961843868e+00
-1.244971975902e+01
2.121110858713e-09
-3.993743704332e+00
-1.183914687138e-02
1.193606400209e-03
9.957188599953e-04
3.954251231912e+00
3.791716128835e-03
-1.240099722059e+01
-2.033223250216e+00
2.923479813644e-03
-4.829509375768e+00
-1.055332465436e+01
9.105836728454e-03
-3.360698643896e+00
-1.620169541057e-02
6.484897043068e-04
-2.821049118167e-03
3.358213739039e+00
2.669031895237e-02
-1.054955308102e+01
-1.666499636330e+00
1.075123321682e-03
-4.109295617071e+00
-9.955498516337e+00
1.666454885817e-02
-3.325838244955e+00
-1.038733304790e-02
3.650609364466e-03
6.993057760118e-03
3.311524188973e+00
9.180015236689e-03
-9.926676696481e+00
-1.268469928988e+00
4.702627550313e-10
-3.322961843523e+00
-1.245116450065e+01
2.121124033309e-09
-3.989896237824e+00
-6.260215456678e-03
-9.934798235877e-04
5.629622058272e-03
3.946894874179e+00
-1.913200747302e-03
-1.238801680527e+01
-2.034316398712e+00
3.094373299556e-03
-4.829349846004e+00
-1.055650348164e+01
1.999731671761e-02
-3.358739923067e+00
-1.230043972933e-02
1.698719566293e-03
9.709978229187e-03
3.360445062807e+00
1.600859956960e-02
-1.055370674857e+01
-1.667474668174e+00
1.213367583821e-03
-4.108928516200e+00
-9.967280776040e+00
8.666378192832e-03
-3.331699897601e+00
-2.527911608748e-02
5.761795005234e-03
4.622339784003e-03
3.315897806146e+00
1.493054310578e-02
-9.924690055274e+00
-1.268469929288e+00
3.160651127223e-10
-3.322961843641e+00
-1.245401096568e+01
2.121188545511e-09
-3.982154860089e+00
4.267564274498e-02
9.100082096592e-04
-2.451327103123e-02
3.932403390559e+00
8.967962638770e-03
-1.237100172837e+01
-3.432588050106e+00
2.756761589362e-03
-3.668147152384e+00
-1.081640209025e+01
8.472173629738e-02
-3.596405465463e+00
8.888362284045e-02
-6.138354799847e-03
1.181746940053e-01
3.599812180116e+00
-1.481353226869e-01
-1.082963168177e+01
-2.823766875240e+00
8.325527266180e-04
-3.158600150528e+00
-9.384700282372e+00
7.237789714760e-02
-2.727012946040e+00
5.721535821462e-02
-6.518953702193e-03
9.586077478820e-02
2.740039318597e+00
-8.486566880062e-02
-9.378360292143e+00
-2.167853013973e+00
-6.566405317688e-10
-2.610297661190e+00
-1.245544272115e+01
2.120695080329e-09
-3.984718909984e+00
4.312957193069e-02
-5.240612501195e-03
-2.326462126430e-02
3.982774227225e+00
-1.220332355123e-03
-1.239464325636e+01
-3.424976062828e+00
2.565946172088e-03
-3.656445294896e+00
-1.085109197868e+01
1.077819987690e-01
-3.601157457118e+00
1.065803858676e-01
-3.439373108153e-04
1.632973647434e-01
3.599733520859e+00
-1.976804526554e-01
-1.084156165689e+01
-2.819479695319e+00
6.918321614534e-04
-3.151935164800e+00
-9.244299434575e+00
4.910144883197e-02
-2.654640243217e+00
4.805472491639e-02
-1.520413783147e-03
7.930928762959e-02
2.659484028833e+00
-7.293205335185e-02
-9.207686040519e+00
-2.167853016432e+00
3.724885862197e-11
-2.610297660690e+00
-1.245950587212e+01
2.120692466781e-09
-3.972832960342e+00
-2.379475587649e-02
2.592931721538e-04
3.671984856648e-03
3.970924880991e+00
3.574239191300e-02
-1.236325032689e+01
-3.415673489035e+00
2.708572634889e-03
-3.641837086134e+00
-1.086810591740e+01
1.242702874061e-01
-3.600752164588e+00
1.295799003349e-01
2.567735953059e-03
1.998505730872e-01
3.606843449365e+00
-2.399178039568e-01
-1.084756866380e+01
-2.814564403966e+00
8.806291379932e-04
-3.144242439679e+00
-9.047323091492e+00
6.447628788719e-02
-2.532593520642e+00
7.248157798814e-02
8.145290255164e-03
1.160920663679e-01
2.555823412785e+00
-1.198266128398e-01
-8.990518669350e+00
-2.167853018273e+00
1.116632354785e-09
-2.610297659574e+00
-1.246503860142e+01
2.120743975525e-09
-3.958480178912e+00
2.113193574266e-03
-3.961948920940e-04
1.362780383667e-02
3.973245167974e+00
1.638810459819e-02
-1.234690186670e+01
-3.403322273113e+00
3.158682142287e-03
-3.623054431664e+00
-1.091001945082e+01
1.700288016181e-01
-3.626238165748e+00
1.707603116266e-01
6.473976137339e-03
2.837477435061e-01
3.621620245667e+00
-3.314304239109e-01
-1.088382264513e+01
-2.808073915140e+00
1.221332547952e-03
-3.133829705662e+00
-8.822853361671e+00
7.447961747777e-02
-2.403491836151e+00
7.678013112743e-02
9.853207401675e-03
1.513974726883e-01
2.408789333786e+00
-1.466095283578e-01
-8.740517159387e+00
-2.167853015489e+00
1.116632354785e-09
-2.610297658458e+00
-1.247206632090e+01
2.120878045504e-09
-3.939761172397e+00
5.370083970813e-02
3.695888505514e-03
-6.850506244951e-02
3.953878454795e+00
4.983367038297e-02
-1.231106295360e+01
-4.410416866385e+00
-7.206668459818e-03
-2.216844975748e+00
-9.975843605126e+00
-6.415973605842e-02
-2.816697700995e+00
-8.500041693767e-01
7.230109477964e-03
-4.404949408411e-01
2.830291664904e+00
1.082118104149e+00
-9.918120127278e+00
-3.615512771073e+00
-2.283426576228e-03
-1.932780965129e+00
-1.137470290293e+01
-4.315357502335e-02
-4.755924537814e+00
-4.060234315985e-01
1.004353466438e-02
-2.454147624401e-01
4.773155425163e+00
4.641919765221e-01
-1.128829450418e+01
-2.726049865491e+00
-4.483862253237e-10
-1.607702796860e+00
-1.246445661815e+01
2.120730369416e-09
-3.930522810100e+00
2.578513338864e-03
4.575977126650e-03
2.899937508831e-02
3.974362218454e+00
-1.116941992227e-01
-1.239210936969e+01
-4.481237440599e+00
-7.300596594745e-03
-2.256331929818e+00
-9.949723505660e+00
-6.488370820486e-02
-2.840382531211e+00
-9.310584666562e-01
-4.269845218834e-03
-5.233146546332e-01
2.842221258538e+00
1.219431014278e+00
-9.968991111003e+00
-3.650609294594e+00
-2.268002416058e-03
-1.952669003619e+00
-1.218712976915e+01
-3.520160798636e-02
-5.202833207184e+00
-4.646724205043e-01
-2.288081689980e-03
-2.607998428260e-01
5.206183669244e+00
5.215968553796e-01
-1.219863748763e+01
-2.726049866099e+00
1.420670160342e-11
-1.607702798520e+00
-1.244358218961e+01
2.120458784863e-09
-3.983633267513e+00
7.502292179284e-03
-2.521842495759e-03
-4.090923519805e-02
3.968995314147e+00
-1.057816247602e-01
-1.246544770955e+01
-4.561244146969e+00
-7.827977730802e-03
-2.302793528421e+00
-1.000072277494e+01
-5.913335960494e-02
-2.875377928553e+00
-1.075576405461e+00
-2.373515119688e-03
-6.371212925222e-01
2.838242432985e+00
1.421154328491e+00
-1.000826159938e+01
-3.690121227790e+00
-2.753550421493e-03
-1.975840420637e+00
-1.328102674431e+01
-3.375055000638e-02
-5.833256602848e+00
-5.201022959663e-01
-2.059410943549e-02
-3.321528734429e-01
5.767081760833e+00
6.067700271526e-01
-1.328148244310e+01
-2.726049865165e+00
9.393925554577e-10
-1.607702797095e+00
-1.242649780034e+01
2.120382651196e-09
-4.022191563399e+00
3.655058016486e-02
3.042178788849e-03
-2.820472781905e-03
3.929765873964e+00
-1.796814597268e-01
-1.246047241935e+01
-4.657806670355e+00
-8.366031509073e-03
-2.362093192357e+00
-9.898560690305e+00
-8.343984332753e-02
-2.826977157933e+00
-1.327737664742e+00
-9.809923420730e-03
-8.840920855397e-01
2.793721258800e+00
1.792255127684e+00
-9.997092903224e+00
-3.740306385462e+00
-3.502406199164e-03
-2.007728830428e+00
-1.437712433876e+01
-4.951125052769e-02
-6.496090647758e+00
-7.099484375687e-01
-2.610793139343e-02
-5.046198778449e-01
6.459516282673e+00
8.635593529942e-01
-1.453127397492e+01
-2.726049864848e+00
1.556183124694e-09
-1.607702796905e+00
-1.239404162713e+01
2.120403555822e-09
-4.093048351209e+00
-1.672315711933e-01
-8.411957840645e-03
2.264861467377e-01
3.964109018423e+00
-1.244916132662e-01
-1.260931129356e+01
-4.288747325843e+00
-1.338652429829e-02
-5.441575767382e-02
-5.504364251518e+00
-4.123145058984e-01
-1.652990582551e+00
9.854626834242e-01
1.418736796145e-02
-2.087714275159e-01
2.089128989403e+00
-1.037848801483e+00
-5.649174106104e+00
-3.716824580998e+00
-7.181286161031e-03
-2.452194710949e-01
-1.099739769643e+01
-3.830989261860e-01
1.559625352830e+00
6.894987133800e-01
2.437990601432e-02
-2.546130053706e-01
-7.426766751966e-01
-5.065442268748e-01
-1.099590719691e+01
-2.858080066948e+00
-3.898191612776e-10
-4.678132392326e-01
-1.259880786283e+01
2.116212369176e-09
-3.748219981269e+00
-2.025836034521e-01
8.540607830290e-03
3.714956307029e-01
4.558268506520e+00
2.252120824204e-01
-1.269925038915e+01
-4.189903499297e+00
-1.256669639553e-02
-6.075520956610e-02
-5.499929663660e+00
-6.555596219555e-01
-1.596475605065e+00
1.445204554130e+00
-3.804000124150e-03
-9.632192342243e-03
2.110057664348e+00
-1.533609036594e+00
-5.592397723793e+00
-3.663741544116e+00
-6.125992995625e-03
-2.520987627209e-01
-9.949755119438e+00
-3.523725643675e-01
2.058788886624e+00
7.037166301617e-01
3.623410305819e-02
-1.279191024996e-02
-1.141056489538e+00
-5.639301379633e-01
-9.805930369983e+00
-2.858080066785e+00
6.895643348857e-10
-4.678132384250e-01
-1.256783035241e+01
2.116930200725e-09
-3.807072927217e+00
2.771576601634e-02
3.929306427627e-03
1.426380388423e-03
4.523035512216e+00
7.242314818380e-02
-1.253617728619e+01
-4.077685022469e+00
-1.255866955039e-02
-5.732345840516e-02
-5.298089489460e+00
-5.857248266442e-01
-1.539112870002e+00
1.365669713519e+00
-3.794239577809e-03
9.544338632644e-02
2.024175184675e+00
-1.460877679951e+00
-5.369993392857e+00
-3.609927809418e+00
-4.933449236704e-03
-2.509217727082e-01
-8.755829266659e+00
-3.806455548445e-01
2.769474231585e+00
6.453142837760e-01
-3.557854532988e-03
2.398418679093e-02
-1.895477448316e+00
-5.422608806182e-01
-8.619821037575e+00
-2.858080066468e+00
1.306354904122e-09
-4.678132391593e-01
-1.255154378000e+01
2.116776376377e-09
-3.852943029565e+00
-3.772573685153e-02
1.009933135215e-02
-1.199234983820e-01
4.512607689276e+00
2.278661808111e-01
-1.247483397177e+01
-3.946610789392e+00
-1.337821131299e-02
-4.723915742751e-02
-5.324894153589e+00
-9.143904220690e-01
-1.629150488688e+00
1.963665331823e+00
-2.154622109403e-02
1.805973775234e-01
2.013969870620e+00
-2.048904671326e+00
-5.272126261557e+00
-3.546964138735e+00
-5.727830039909e-03
-2.447242979344e-01
-7.627166295987e+00
-4.952645293540e-01
3.672759112341e+00
8.582012313873e-01
-4.916231040317e-02
1.218223501572e-01
-2.846739994332e+00
-7.754146437724e-01
-7.337301871325e+00
-2.858080066613e+00
1.614750188740e-09
-4.678132377348e-01
-1.253710832165e+01
2.115772395203e-09
-3.916077865608e+00
2.137596647367e-01
-1.355548965827e-02
2.077663752743e-01
4.482828584998e+00
6.737069148312e-02
-1.229500407384e+01
-4.521756084650e+00
6.616627894919e-04
1.479874494078e+00
-7.122777274280e+00
-5.094028174135e-02
-6.253751045516e-01
1.623960679391e-01
9.175852584967e-03
1.148795921948e-01
7.386046445924e-01
-1.373973009712e-01
-7.307608404013e+00
-3.644103267448e+00
-7.646086361056e-04
1.095976482145e+00
-1.664657595514e+01
-1.047010029760e-01
-8.114884671574e+00
4.657231057276e-02
-2.690433348967e-04
-6.706678025682e-02
8.291280072706e+00
2.287491057964e-02
-1.691155193285e+01
-2.543843218371e+00
-1.043615384470e-10
6.358331623243e-01
-1.248434422899e+01
2.120278378190e-09
-3.935546710595e+00
3.164399398377e-02
5.868688437804e-03
3.247102185881e-01
3.951982617233e+00
5.253751832291e-02
-1.254997549043e+01
-4.521753666055e+00
1.518225855727e-03
1.489656014959e+00
-7.101276706931e+00
1.501317532960e-01
-6.117368712317e-01
-1.490173663000e-01
4.102623891966e-03
9.591117626292e-02
7.600814800513e-01
1.373645694034e-01
-7.321369890748e+00
-3.644782834158e+00
-9.521010979058e-05
1.098268100925e+00
-1.668438503593e+01
7.240545454181e-02
-8.103846598103e+00
-7.551130505885e-02
3.203296063876e-02
4.511378807811e-02
8.290906306725e+00
4.339911024328e-02
-1.699613886805e+01
-2.543843218979e+00
3.582313884801e-10
6.358331622067e-01
-1.247858396372e+01
2.120308474450e-09
-3.944584119500e+00
2.264283876746e-02
3.980478770238e-03
6.941054731437e-02
3.947084629782e+00
-2.865570173162e-02
-1.255617280713e+01
-4.535427558032e+00
2.847391677212e-03
1.495484951261e+00
-7.076486988548e+00
1.677409538533e-01
-6.165873405297e-01
-1.942369032515e-01
1.099756771703e-02
4.313509628011e-02
7.466544542359e-01
1.470358735279e-01
-7.313185880586e+00
-3.652097292022e+00
1.773982731355e-03
1.101512362800e+00
-1.686104527343e+01
9.074626205924e-02
-8.197818193918e+00
-1.083528266832e-01
3.890874198784e-02
3.823437195896e-02
8.387187769669e+00
7.162553048161e-02
-1.718129357808e+01
-2.543843219279e+00
6.666266730982e-10
6.358331623976e-01
-1.247958146273e+01
2.120329264406e-09
-3.942486626754e+00
-1.831141982677e-02
2.739259895680e-03
-5.170173665626e-02
3.948047528135e+00
-1.560226080459e-02
-1.257092970075e+01
-4.557944929947e+00
4.361391222751e-03
1.495647812825e+00
-7.025581995538e+00
2.686267977216e-01
-5.806438018108e-01
-3.756187807572e-01
9.712362819602e-03
1.176324659198e-02
6.913224375284e-01
3.062888062870e-01
-7.205217841926e+00
-3.664644575391e+00
2.716886415830e-03
1.105858692176e+00
-1.710554370582e+01
2.592717723863e-01
-8.373890483827e+00
-1.883367273670e-01
1.286256719379e-02
1.644360117176e-01
8.534392201039e+00
5.997502033920e-02
-1.741551691037e+01
-2.543843217882e+00
1.283417242334e-09
6.358331625885e-01
-1.248992665682e+01
2.120340356992e-09
-3.925354643005e+00
-5.422294882063e-02
8.409835558740e-03
-4.090542556330e-01
3.953267729561e+00
-9.527100806373e-02
-1.261673345715e+01
-2.760352821654e+00
1.913026801092e-03
2.714780570410e+00
-1.039942123918e+01
1.097976986353e-01
-3.427728227279e+00
-7.792162744219e-02
-4.944275023635e-04
6.722416309740e-02
3.422577990724e+00
3.090902291937e-02
-1.041568387712e+01
-2.322669790507e+00
7.090455863645e-04
2.154460674052e+00
-7.872702224823e+00
5.602820346379e-02
-1.637598543042e+00
-2.689377364067e-02
-5.174459751178e-03
4.179169813998e-02
1.622928777704e+00
-2.255606477176e-02
-7.925425456858e+00
-1.831179033497e+00
-5.111423268244e-11
1.535216248834e+00
-1.242079132192e+01
2.121554947067e-09
-4.044912548823e+00
-2.811812690065e-02
-2.997422924056e-03
-5.795002496004e-02
4.001957672485e+00
1.651689850826e-03
-1.252400626373e+01
-2.762869705796e+00
1.711398305927e-03
2.716824322371e+00
-1.037968379340e+01
-6.807481861675e-03
-3.415975833303e+00
1.201580697327e-02
-2.270166522540e-03
-1.899342056295e-03
3.410382192367e+00
-1.751276464725e-02
-1.040414228107e+01
-2.323913321843e+00
6.097338959333e-04
2.156001636925e+00
-7.895227870511e+00
9.857598373260e-03
-1.673674818711e+00
2.280851883243e-03
-4.386172165476e-03
6.156380925098e-03
1.650811680346e+00
-8.486573334311e-03
-7.955170750118e+00
-1.831179034105e+00
4.114786942447e-10
1.535216250258e+00
-1.242321233326e+01
2.121449269484e-09
-4.041469078906e+00
3.871699403107e-03
1.327070646949e-03
2.765316944419e-04
4.002628118286e+00
-4.217460644487e-04
-1.254263115365e+01
-2.760883465027e+00
1.421747003154e-03
2.716347327711e+00
-1.037514526037e+01
-2.947863932710e-02
-3.414434011571e+00
3.761090029427e-02
-1.968748075902e-03
-1.022853081224e-02
3.407098170399e+00
-2.789962596056e-02
-1.040281740193e+01
-2.322949876720e+00
5.248446644246e-04
2.155927733671e+00
-7.872025598370e+00
-1.584990302734e-02
-1.661726323956e+00
2.347942807319e-02
-1.254824828249e-03
-6.035439006820e-03
1.634510206212e+00
-1.540172782410e-02
-7.939183793519e+00
-1.831179034559e+00
5.656763365538e-10
1.535216251066e+00
-1.242291565947e+01
2.121445460373e-09
-4.042352561237e+00
3.431988845312e-03
1.496878511369e-04
6.731685345581e-03
4.000974343193e+00
9.444383190661e-06
-1.255164289292e+01
-2.754296411465e+00
1.345001327954e-03
2.713584291839e+00
-1.038842601959e+01
-1.429134266202e-01
-3.423089918876e+00
1.301474858977e-01
6.103311357835e-04
-7.330569732342e-02
3.417245989952e+00
-7.474743519921e-02
-1.041192702876e+01
-2.319499820511e+00
5.410979560293e-04
2.154620853245e+00
-7.807353088321e+00
-5.877174060161e-02
-1.600662586981e+00
6.496161109939e-02
8.908777432334e-04
-2.832615973109e-02
1.579171025141e+00
-7.822163224562e-03
-7.882166141452e+00
-1.831179033779e+00
4.114786942447e-10
1.535216251873e+00
-1.241921702330e+01
2.121537450004e-09
-4.048631481394e+00
-1.145142481271e-02
-1.412880015064e-03
2.118670810022e-02
3.986446804289e+00
-5.370317752312e-03
-1.255396869788e+01
-1.332501628267e+00
8.218582887364e-04
3.653922719061e+00
-1.006748848257e+01
2.213927034328e-02
-3.098785959215e+00
6.580438565601e-03
1.313832904558e-03
2.402638494889e-02
3.103401790049e+00
-8.729363783002e-03
-1.006477357675e+01
-1.098333114575e+00
1.563153216590e-04
2.918022319705e+00
-9.548994019839e+00
-7.502459299337e-05
-3.171551077022e+00
8.473060131468e-03
5.018515975702e-04
3.901029336328e-03
3.144360824152e+00
-1.510556640872e-02
-9.561615641120e+00
-8.285841718664e-01
-2.147084703620e-10
2.093413101277e+00
-1.243990317875e+01
2.121542214575e-09
-4.017433917981e+00
1.786128242729e-02
-7.085396263710e-04
1.125727280663e-02
3.949782348821e+00
8.006023453138e-03
-1.246884260811e+01
-1.331599467818e+00
1.032492098261e-03
3.655443611527e+00
-1.006620109624e+01
7.181225510096e-03
-3.103172534004e+00
7.146546305446e-03
2.134611454239e-03
1.064278795464e-02
3.097703574182e+00
-1.000349162069e-02
-1.007103344026e+01
-1.097806839853e+00
3.008025577056e-04
2.918594276868e+00
-9.559521338768e+00
7.123936789338e-03
-3.171576893226e+00
2.291285960131e-03
4.143964330726e-03
7.476678099640e-03
3.137629627476e+00
-7.044050178503e-03
-9.576027693157e+00
-8.285841717805e-01
8.646750258014e-10
2.093413100851e+00
-1.243866325850e+01
2.121526029754e-09
-4.020409742324e+00
9.838578795708e-03
6.651326783563e-04
5.280238630865e-03
3.944531291600e+00
-2.012021080874e-04
-1.247118345027e+01
-1.331651016105e+00
1.265500652699e-03
3.656840708010e+00
-1.007064236490e+01
3.079480820692e-02
-3.105646261996e+00
-8.529577504692e-03
2.162101510390e-03
2.430623971279e-02
3.098587176884e+00
-7.840682592315e-03
-1.007611007472e+01
-1.097726031402e+00
5.841790447376e-04
2.919250050154e+00
-9.573259225859e+00
6.335319358511e-03
-3.179099063105e+00
1.592697019739e-03
6.244542265742e-03
9.400017306386e-03
3.140592747374e+00
-8.322756749541e-03
-9.591677456794e+00
-8.285841716175e-01
1.327267952729e-09
2.093413100733e+00
-1.243832242945e+01
2.121520351783e-09
-4.021692976406e+00
-3.413669837474e-03
-3.104649549106e-04
-3.075492900500e-03
3.940948364642e+00
-5.238640956133e-03
-1.247244666128e+01
-1.332514889809e+00
1.537597993128e-03
3.658322733411e+00
-1.007874957750e+01
1.989542490674e-02
-3.105112469789e+00
-3.741245603808e-03
1.746108814693e-03
1.621450285698e-02
3.105069433687e+00
-9.054224379835e-03
-1.007588597365e+01
-1.097803148749e+00
7.980768949492e-04
2.920192264527e+00
-9.591949579590e+00
1.621959556014e-02
-3.194029982554e+00
6.452204340847e-03
4.880704053257e-03
1.992881310494e-02
3.152483812969e+00
-5.183989809552e-03
-9.606977157972e+00
-8.285841719942e-01
1.327267952729e-09
2.093413099999e+00
-1.243853725083e+01
2.121521234731e-09
-4.022166692048e+00
-5.204455771699e-02
-4.566398019263e-04
-2.330145850718e-02
3.932731931444e+00
-1.461107636669e-02
-1.247932518488e+01
4.536444992993e-01
1.666131625096e-04
3.834770607579e+00
-1.026370795617e+01
3.696870081647e-02
-3.250094802852e+00
1.685375259421e-03
1.349754659142e-03
3.730422360047e-02
3.251692021201e+00
-1.845573087758e-02
-1.026417534854e+01
3.840564890195e-01
-5.430317605213e-05
3.072704224883e+00
-9.232028364262e+00
2.160385570605e-03
-2.843357668988e+00
-1.219742874662e-03
7.647413764477e-04
6.875559926098e-03
2.806867808198e+00
-1.324971447276e-02
-9.220295640967e+00
3.113053866094e-01
-1.076455848573e-10
2.225443301500e+00
-1.243826423720e+01
2.121445678370e-09
-4.017896476474e+00
1.815893188015e-02
-5.123579517167e-04
-2.337148788209e-03
3.924997241550e+00
1.189745347530e-02
-1.241240907942e+01
4.540669622237e-01
3.222429441000e-04
3.836225071914e+00
-1.026359834374e+01
-2.049080393425e-05
-3.252340080188e+00
3.749309752230e-03
1.371515377315e-03
2.415965302813e-03
3.243720133513e+00
-3.982852736146e-03
-1.026248062683e+01
3.841801699429e-01
5.830197395496e-05
3.073270569661e+00
-9.247855921082e+00
5.586140987997e-03
-2.851308588182e+00
2.972213584553e-04
3.094128179328e-03
5.170174655013e-03
2.811383951941e+00
-5.131559046788e-03
-9.234364300974e+00
3.113053863869e-01
-7.244361540935e-10
2.225443302462e+00
-1.243776604779e+01
2.121450750535e-09
-4.019284855598e+00
6.461867183813e-03
5.161541136342e-04
1.483219408365e-03
3.924815470502e+00
3.107044166637e-04
-1.241061027343e+01
4.542329122796e-01
4.513499607368e-04
3.836372515656e+00
-1.026676567298e+01
1.852589549185e-03
-3.253340712617e+00
5.521996721189e-04
1.231530309342e-03
1.274067378006e-03
3.244447253520e+00
-3.002972915195e-03
-1.026542238942e+01
3.842811672910e-01
2.621135385366e-04
3.073271184722e+00
-9.249574321723e+00
-7.611452980589e-03
-2.851329969795e+00
2.914957051237e-03
3.601685395669e-03
-5.319257001689e-03
2.810399119986e+00
3.984280902289e-04
-9.235285759330e+00
3.113053868583e-01
3.549473420699e-10
2.225443302499e+00
-1.243776067845e+01
2.121450259515e-09
-4.019388432877e+00
-4.656827878467e-03
8.717083204411e-05
-1.866957273699e-03
3.923981068614e+00
-2.177126391122e-03
-1.240957469074e+01
4.542561873251e-01
6.024519940737e-04
3.835196781864e+00
-1.027310113882e+01
-3.515444089975e-02
-3.253256923274e+00
5.289155281057e-03
9.380587742867e-04
-3.405541876679e-02
3.254319013085e+00
1.155384225896e-02
-1.027291154912e+01
3.844958505556e-01
3.846349701927e-04
3.072655517887e+00
-9.237480610463e+00
-5.326985998800e-03
-2.843174799020e+00
9.148512512434e-03
2.005291441763e-03
-8.496475409270e-03
2.803968457205e+00
7.742235572783e-03
-9.223331596983e+00
3.113053866358e-01
4.655205745175e-11
2.225443301919e+00
-1.243808794856e+01
2.121441246953e-09
-4.018804776426e+00
-2.843425135187e-02
-8.183782085650e-04
4.604907609037e-03
3.918977112151e+00
-1.374235314068e-02
-1.240867917718e+01
2.164757476960e+00
-2.434658292086e-04
3.358410148133e+00
-1.029406490614e+01
1.879911007050e-02
-3.256038676069e+00
9.620584811210e-03
1.308571163709e-03
2.212034920470e-02
3.257570836117e+00
-1.841330041213e-02
-1.029550716913e+01
1.807351580986e+00
-2.139201881206e-04
2.672729137013e+00
-9.394792023651e+00
-6.666465206859e-03
-2.957043720181e+00
-5.039705391151e-03
1.468399268081e-03
-2.004413541218e-03
2.939510473423e+00
-3.697065278736e-03
-9.361320005497e+00
1.414951788783e+00
-9.328556819585e-10
1.911206454311e+00
-1.245067085788e+01
2.121094691424e-09
-3.991617453555e+00
2.176091551168e-02
-3.228928658556e-04
-1.174895374508e-02
3.936460663280e+00
1.236452937185e-02
-1.237402428311e+01
2.165390035909e+00
-7.639184354492e-05
3.359074321823e+00
-1.029626283471e+01
-1.515557109224e-03
-3.256621346878e+00
1.837165600791e-03
1.410383719406e-03
-7.848628489442e-04
3.251497455952e+00
5.801155107928e-04
-1.029013611790e+01
1.807455638258e+00
-9.659382537481e-05
2.672954771035e+00
-9.405167687367e+00
5.838459371023e-03
-2.960641842751e+00
1.303503193887e-03
3.487289732368e-03
6.161318813774e-03
2.940586521128e+00
-6.485291814251e-03
-9.370121237802e+00
1.414951789332e+00
-4.702627550313e-10
1.911206454348e+00
-1.244970355241e+01
2.121073190700e-09
-3.993524240939e+00
7.078125002417e-03
1.780712824843e-04
2.229086099551e-03
3.938246198372e+00
-2.804756310621e-03
-1.237287169186e+01
2.165392359392e+00
6.381696538795e-05
3.359133151389e+00
-1.029717885241e+01
2.964663863043e-03
-3.256841576036e+00
-1.678109238913e-03
1.306159708394e-03
2.216979562822e-03
3.251848324540e+00
-1.350744175655e-03
-1.029123117725e+01
1.807445024491e+00
1.085309986583e-04
2.672966961836e+00
-9.405357131875e+00
-5.597732481216e-03
-2.960451337090e+00
-1.582637163249e-03
3.340287108542e-03
-5.927235672193e-03
2.940688578213e+00
6.323565659070e-03
-9.370601419893e+00
1.414951789186e+00
6.091207411320e-10
1.911206453767e+00
-1.244964414851e+01
2.121073133892e-09
-3.993573710565e+00
-7.472849825849e-03
1.220844623052e-04
-2.240214374885e-03
3.938546360941e+00
2.592120456515e-03
-1.237308542067e+01
2.164778384082e+00
2.134965125105e-04
3.358555638066e+00
-1.029709204864e+01
-1.770444720242e-02
-3.256897722911e+00
-9.293584870715e-03
9.586392992769e-04
-2.138553614053e-02
3.258679350849e+00
1.797835101478e-02
-1.029892541889e+01
1.807316489708e+00
2.159824628362e-04
2.672739869773e+00
-9.395238556695e+00
6.909347081165e-03
-2.956416031734e+00
4.507797769017e-03
1.287981485239e-03
1.533346011229e-03
2.939639006689e+00
3.921010338649e-03
-9.362653595636e+00
1.414951789426e+00
6.091207411320e-10
1.911206454883e+00
-1.245043001053e+01
2.121094668851e-09
-3.991760313085e+00
-1.991962576286e-02
-6.093260351291e-04
1.209693928556e-02
3.937361979129e+00
-1.239988723548e-02
-1.237402119609e+01
3.564582795710e+00
-3.575258634549e-04
2.252625930210e+00
-1.034638892948e+01
9.603672946730e-03
-3.286641235203e+00
1.309639547784e-02
1.145610714751e-03
1.502624748360e-02
3.287099427876e+00
-1.953169024068e-02
-1.034870346263e+01
2.969495014667e+00
-2.525361178071e-04
1.753128455814e+00
-9.434732950830e+00
-1.090532609717e-02
-2.956596589745e+00
-1.147521753928e-02
1.380356368728e-03
-5.912481087666e-03
2.967934715426e+00
7.089480327096e-03
-9.399272868699e+00
2.314334876063e+00
-4.998417855491e-10
1.198542267895e+00
-1.246303579768e+01
2.120665242475e-09
-3.962837581998e+00
7.668649329793e-03
-4.272269815314e-04
-2.187902745977e-02
3.972897790097e+00
1.775809237771e-02
-1.237248709964e+01
3.565218802711e+00
-2.082915102265e-04
2.252963772445e+00
-1.035022146861e+01
-1.426337025667e-04
-3.284265794828e+00
9.955665443682e-04
1.261124484515e-03
-6.234567258405e-04
3.284805218414e+00
1.329853304775e-03
-1.034271221426e+01
2.969525906497e+00
-1.476628393064e-04
1.753223497012e+00
-9.443828957466e+00
4.540313276978e-03
-2.959673086281e+00
6.059501566708e-03
3.204245442385e-03
8.046180535298e-03
2.968733365995e+00
-1.158541776552e-02
-9.404810067088e+00
2.314334875610e+00
-1.425027639403e-09
1.198542267932e+00
-1.246094797739e+01
2.120627768287e-09
-3.967429724200e+00
1.284771366962e-02
-4.186975833280e-05
5.256626960125e-03
3.972330968518e+00
-1.202751862421e-02
-1.237024232338e+01
3.565129969818e+00
-8.399227616241e-05
2.252973126164e+00
-1.035024380795e+01
1.794050336081e-03
-3.284396598474e+00
-3.189184555307e-03
1.222625473344e-03
8.303300140576e-04
3.284853174505e+00
1.180582816726e-03
-1.034302952579e+01
2.969472521315e+00
4.402940439316e-05
1.753233958858e+00
-9.442566987780e+00
-3.069562434526e-03
-2.959526248570e+00
-7.578663675114e-03
2.888016429756e-03
-7.631698957778e-03
2.968316234829e+00
1.292839883521e-02
-9.404284756219e+00
2.314334876390e+00
-4.998417855491e-10
1.198542267660e+00
-1.246077382141e+01
2.120626078527e-09
-3.967867252721e+00
-1.358381677934e-02
6.642503603615e-05
-4.602593178187e-03
3.972369599495e+00
1.185965095535e-02
-1.237071774950e+01
3.564295478258e+00
5.169983010505e-05
2.252660567636e+00
-1.034675097929e+01
-8.087950736106e-03
-3.287095263378e+00
-1.589247883387e-02
9.822824686980e-04
-1.456118416918e-02
3.287194942425e+00
2.228234625795e-02
-1.034964572193e+01
2.969306131282e+00
1.366506218492e-04
1.753191866507e+00
-9.431112632194e+00
1.306373299586e-02
-2.956286279765e+00
8.839570867206e-03
7.921291830680e-04
7.568318511084e-03
2.966533320775e+00
-5.727390468711e-03
-9.397557709621e+00
2.314334877015e+00
-3.724885862197e-11
1.198542269701e+00
-1.246218128625e+01
2.120657605460e-09
-3.964875875701e+00
-3.862525243609e-03
-6.166900115879e-04
1.838717992736e-02
3.973399989901e+00
-1.795240538448e-02
-1.237441616651e+01
4.437433553261e+00
-3.772861574149e-04
6.952245119717e-01
-1.037967183554e+01
1.410936259695e-03
-3.303277586950e+00
1.354280246946e-02
1.055576088930e-03
7.615922542696e-03
3.302101730743e+00
-1.708324163211e-02
-1.038273634680e+01
3.693117180585e+00
-2.692342632575e-04
4.595035929380e-01
-9.482428900503e+00
-9.940352203507e-03
-2.983523397652e+00
-2.161555783954e-02
1.591092132401e-03
-5.472572201437e-03
3.016635059596e+00
2.155181991136e-02
-9.467608782367e+00
2.872531726348e+00
-7.851949131487e-10
1.959474066497e-01
-1.246909822243e+01
2.120329249830e-09
-3.947301162469e+00
-1.953428236693e-02
-9.455647467824e-04
-2.426714076119e-02
4.014118784895e+00
3.294242248133e-02
-1.241803758317e+01
4.438099407729e+00
-2.344187286484e-04
6.952917568601e-01
-1.038258989914e+01
9.954753006930e-04
-3.298249367062e+00
3.681522384115e-03
1.197395688373e-03
1.027973572712e-04
3.303217927140e+00
-2.178505571236e-03
-1.037802104875e+01
3.693124057418e+00
-1.498296832255e-04
4.595424736388e-01
-9.490548748881e+00
1.085488342224e-03
-2.984799451992e+00
1.714110916923e-02
2.947042845294e-03
7.323408870549e-03
3.018009665620e+00
-2.049338110782e-02
-9.469967684604e+00
2.872531726202e+00
-1.401985482385e-09
1.959474069948e-01
-1.246696744559e+01
2.120232424460e-09
-3.951768087010e+00
2.855572543753e-02
-6.349426816453e-05
5.486218679906e-03
4.011820492116e+00
-2.983006188094e-02
-1.241073762814e+01
4.438052798708e+00
-1.274018731206e-04
6.953601259928e-01
-1.038281844323e+01
1.921068073302e-03
-3.298556338831e+00
-4.845645539232e-03
1.200059677036e-03
1.610837399514e-03
3.303265044100e+00
2.738433970354e-03
-1.037835910056e+01
3.693086764095e+00
1.323847227365e-05
4.595839047904e-01
-9.490074553869e+00
1.227911808624e-03
-2.985286466115e+00
-1.818926153365e-02
2.620910757390e-03
-6.005388007940e-03
3.017724942124e+00
2.101877286251e-02
-9.469710489599e+00
2.872531724978e+00
1.065176794560e-09
1.959474069543e-01
-1.246677502392e+01
2.120230280795e-09
-3.952335264990e+00
-2.897136028868e-02
9.733265596325e-05
-4.514178886776e-03
4.011527207687e+00
2.978924299541e-02
-1.241062960097e+01
4.437285651037e+00
6.992429564175e-06
6.954646561887e-01
-1.038030342169e+01
1.477895962914e-03
-3.303987632419e+00
-1.493941340871e-02
1.024884683170e-03
-4.974671357266e-03
3.302203727285e+00
1.751950243943e-02
-1.038358163641e+01
3.692996080214e+00
1.222304663646e-04
4.596860673356e-01
-9.481068515830e+00
1.295818364811e-02
-2.984918607127e+00
2.014269011918e-02
9.438500778066e-04
8.904380138278e-03
3.015911133358e+00
-2.141937345570e-02
-9.466866849124e+00
2.872531725295e+00
1.399909407056e-10
1.959474070681e-01
-1.246807310177e+01
2.120318182033e-09
-3.950239303254e+00
2.161958605224e-02
-1.044363990542e-03
1.895149053093e-02
4.013181225512e+00
-3.307010784360e-02
-1.241799296598e+01
4.648048499321e+00
-3.916073493029e-04
-1.080743027244e+00
-1.041121691204e+01
-7.661903995914e-03
-3.318557061865e+00
2.184737786575e-02
9.821062030829e-04
2.248430370092e-03
3.316117879791e+00
-2.294289211816e-02
-1.041112239161e+01
3.866846693213e+00
-2.724282884635e-04
-1.014081914586e+00
-9.514338008918e+00
-7.984142832788e-03
-3.011255588411e+00
-6.419865388891e-03
1.835778128224e-03
2.337077222282e-03
3.045436828070e+00
1.125125701697e-02
-9.526052028757e+00
3.004561927959e+00
-8.437619771948e-10
-9.439421513635e-01
-1.246503019812e+01
2.120348475518e-09
-3.955312823460e+00
-7.160268401522e-03
-1.098938924153e-03
-1.392024373423e-02
4.032568180237e+00
8.502249092804e-03
-1.247906823558e+01
4.648805153106e+00
-2.562094241731e-04
-1.080893830105e+00
-1.041091270917e+01
1.952230450258e-03
-3.312930019900e+00
-1.233469351975e-04
1.137421860076e-03
-8.555755989310e-04
3.318837417824e+00
6.811616830779e-04
-1.041157991007e+01
3.866976100640e+00
-1.479001412535e-04
-1.014040059611e+00
-9.521562814860e+00
-1.149941308818e-03
-3.012703233031e+00
6.641337975576e-03
2.656466869167e-03
4.548381539709e-04
3.048932590837e+00
-8.485627067473e-03
-9.532735153905e+00
3.004561926888e+00
-6.895643348857e-10
-9.439421514810e-01
-1.246346463249e+01
2.120202791089e-09
-3.958164750185e+00
7.788631951919e-03
1.768735370831e-06
-3.296502321123e-03
4.031608640158e+00
-7.693441417348e-03
-1.247424560475e+01
4.648864203711e+00
-1.634407125781e-04
-1.080789560437e+00
-1.041161899093e+01
5.964523526417e-04
-3.313447815890e+00
1.604603200591e-03
1.126740606908e-03
3.452989915689e-03
3.319019080515e+00
-3.547182170350e-03
-1.041211987815e+01
3.866981309322e+00
-8.021698272350e-06
-1.013974121999e+00
-9.522442434611e+00
3.631650129087e-03
-3.013737265555e+00
-6.501169863568e-03
2.265400861664e-03
1.540548718632e-03
3.049145938075e+00
7.518550002351e-03
-9.533064380349e+00
3.004561927514e+00
-3.811690502676e-10
-9.439421512901e-01
-1.246328171001e+01
2.120200881797e-09
-3.958695419839e+00
-7.811755364781e-03
1.773801733011e-04
4.568562808472e-03
4.031190067455e+00
7.831300139219e-03
-1.247336072024e+01
4.648245271484e+00
-4.007698737973e-05
-1.080392837120e+00
-1.041275546302e+01
9.994709352365e-03
-3.319756997607e+00
-1.990870205230e-02
9.018199683000e-04
1.378967250263e-03
3.316497208867e+00
1.959832262980e-02
-1.041244609640e+01
3.866880864604e+00
1.033446739327e-04
-1.013819898025e+00
-9.516729777096e+00
1.109574473569e-02
-3.014389434929e+00
7.082755062098e-03
1.065346312624e-03
2.087648889698e-03
3.046049448592e+00
-1.295472627379e-02
-9.527440669102e+00
3.004561927214e+00
-5.353666925767e-10
-9.439421512535e-01
-1.246406064650e+01
2.120338156685e-09
-3.958116095586e+00
7.053819620024e-03
-1.256804165694e-03
7.096010291950e-03
4.031127668990e+00
-8.510888851450e-03
-1.247590793514e+01
4.162512828929e+00
-3.673304956624e-04
-2.804606155693e+00
-1.044633136754e+01
-1.847551597587e-02
-3.333780761265e+00
2.433718905490e-02
9.995627192456e-04
-7.620423889930e-03
3.332462530799e+00
-2.149586926741e-02
-1.044440985163e+01
3.462833585372e+00
-2.441308567896e-04
-2.443107427618e+00
-9.551023804074e+00
-8.029639791153e-03
-3.051703764055e+00
3.126294072285e-03
1.684878861331e-03
5.874628349372e-04
3.066115742806e+00
7.657303807032e-03
-9.583368920828e+00
2.690325078302e+00
-6.666266730982e-10
-2.047588554539e+00
-1.245322806563e+01
2.120778058972e-09
-3.982823867755e+00
-8.270672493724e-03
-9.348292729822e-04
-1.046819147865e-02
4.015907664933e+00
-2.655298610840e-04
-1.252040618375e+01
4.163260894561e+00
-2.407125761936e-04
-2.805052599491e+00
-1.044236181305e+01
2.679232379819e-03
-3.329877700188e+00
-1.252672247933e-03
1.044695608964e-03
2.964135870412e-05
3.333019749538e+00
4.605377666633e-04
-1.044682167284e+01
3.463097153339e+00
-1.335674851081e-04
-2.443179175360e+00
-9.558746037809e+00
-1.658441462586e-03
-3.054510048856e+00
3.057884846404e-03
2.392226826941e-03
-3.776150728655e-04
3.069137385036e+00
-4.009448809912e-03
-9.592149294300e+00
2.690325077078e+00
-1.283417242334e-09
-2.047588554349e+00
-1.245261314520e+01
2.120682474754e-09
-3.983790607382e+00
4.638304289938e-04
3.448067308754e-05
-2.843463172028e-03
4.016727931904e+00
-1.874423877302e-03
-1.251667437736e+01
4.163397998226e+00
-1.581951345846e-04
-2.804969720402e+00
-1.044299667832e+01
-2.210591966099e-03
-3.330242494460e+00
4.651247770301e-03
9.607581081163e-04
1.963471269567e-03
3.333210349087e+00
-5.019476703435e-03
-1.044694873984e+01
3.463149823076e+00
-2.369854696820e-06
-2.443116912274e+00
-9.560601229200e+00
3.145835219439e-03
-3.055589006938e+00
-1.614933450406e-03
1.932390962707e-03
2.218830764022e-03
3.069973849727e+00
1.976281224630e-03
-9.592830970936e+00
2.690325080479e+00
-8.208243154073e-10
-2.047588554389e+00
-1.245251833105e+01
2.120681422772e-09
-3.984061328136e+00
2.046806214166e-05
1.539171375243e-04
4.217166886284e-03
4.016493698030e+00
2.221159792415e-03
-1.251520366106e+01
4.162957699075e+00
-5.506669041500e-05
-2.804352839243e+00
-1.044721296974e+01
1.835992537801e-02
-3.334599124160e+00
-2.005559290648e-02
6.748669764972e-04
9.963139437861e-03
3.332627698778e+00
1.634674684330e-02
-1.044430732338e+01
3.463032714837e+00
8.929934062450e-05
-2.442881569149e+00
-9.556490170688e+00
9.878534480518e-03
-3.055288186830e+00
-2.504631742671e-04
8.431723098462e-04
3.022246246775e-03
3.068182969988e+00
-1.080049393275e-02
-9.585840241148e+00
2.690325079563e+00
2.585591807561e-10
-2.047588554352e+00
-1.245279691787e+01
2.120773149450e-09
-3.984063127853e+00
5.385234051301e-03
-1.294660803381e-03
3.493493625408e-03
4.015687614505e+00
1.662158884102e-04
-1.251533835083e+01
3.052588423901e+00
-1.271612781380e-04
-4.213197089144e+00
-1.049129725069e+01
-2.642326649008e-02
-3.353989110980e+00
1.875101181108e-02
1.037438651189e-03
-1.781571522947e-02
3.354327105791e+00
-1.181904163096e-02
-1.048891291567e+01
2.541402782560e+00
-1.277264597349e-04
-3.608967571211e+00
-9.599499255664e+00
-8.957317551312e-03
-3.093902166000e+00
5.599286204147e-03
1.143827022613e-03
-5.603207587989e-03
3.080558189514e+00
8.519051386131e-03
-9.629872880552e+00
1.977660894508e+00
-8.740716211719e-10
-2.946971641666e+00
-1.244215713240e+01
2.121336386126e-09
-4.010094106926e+00
-1.002916559985e-02
-7.323644548669e-04
-3.464562303261e-03
3.977705441331e+00
-4.394877478268e-03
-1.250964615350e+01
3.053020345081e+00
-1.036951180166e-05
-4.213924574373e+00
-1.048381496718e+01
3.465689202272e-03
-3.351770280541e+00
-2.761350726662e-03
9.544654617255e-04
1.161679779188e-03
3.350787367278e+00
1.540555944225e-03
-1.048879805548e+01
2.541644480842e+00
-3.431417692761e-05
-3.609280802800e+00
-9.607420985230e+00
-2.751384265131e-03
-3.097047238532e+00
1.702701757210e-03
2.042030137247e-03
-1.298526035877e-03
3.083150854256e+00
-1.150069070073e-03
-9.638843123543e+00
1.977660894517e+00
-1.030834096266e-10
-2.946971641321e+00
-1.244219121647e+01
2.121277096352e-09
-4.009684880569e+00
-1.790387616476e-03
2.288183405779e-04
-1.974898686768e-03
3.980444855878e+00
-1.120072888324e-03
-1.251050040438e+01
3.053051318132e+00
6.313411968834e-05
-4.213861809946e+00
-1.048229585906e+01
-3.205799372784e-03
-3.351027041201e+00
3.391620604188e-03
7.631692814477e-04
2.741097878341e-04
3.350208402374e+00
-1.750392502968e-03
-1.048690215956e+01
2.541682595254e+00
8.787915533797e-05
-3.609272577814e+00
-9.608301881753e+00
1.968508835573e-03
-3.097285983540e+00
-7.875471487322e-04
1.843840269390e-03
1.424680955485e-03
3.083726915149e+00
1.350961374652e-03
-9.639227467244e+00
1.977660893909e+00
-1.030834096266e-10
-2.946971641361e+00
-1.244222215325e+01
2.121277543324e-09
-4.009592912559e+00
2.129544260633e-03
8.644582868153e-05
2.358940869486e-03
3.980649029437e+00
2.187218133291e-03
-1.250999353550e+01
3.052658424225e+00
1.495875638334e-04
-4.213060359206e+00
-1.048591044339e+01
2.616277418399e-02
-3.351725666949e+00
-1.845936449559e-02
3.929566040371e-04
1.822961962629e-02
3.352325238111e+00
1.137210145632e-02
-1.048274038370e+01
2.541517570758e+00
1.658099096416e-04
-3.608985091755e+00
-9.602193875728e+00
7.738118910494e-03
-3.094686493417e+00
-4.533330061698e-03
9.767716812026e-04
4.764542156541e-03
3.081846225103e+00
-8.978522611211e-03
-9.631015829947e+00
1.977660892067e+00
1.130497728846e-09
-2.946971641324e+00
-1.244210122802e+01
2.121336930262e-09
-4.010181065409e+00
8.469401026680e-03
-1.309641387414e-03
2.122943523438e-03
3.978085878130e+00
4.942021998099e-03
-1.250927605500e+01
