1.701874273893e+00
0.000000000000e+00
-3.667496138692e-16
0.000000000000e+00
-1.550972683617e-10
0.000000000000e+00
4.938018354072e+01
0.000000000000e+00
-4.733895786286e+02
2.842170943040e-14
-1.550972683617e-10
0.000000000000e+00
1.701874300648e+00
0.000000000000e+00
-1.631523993791e+01
5.196400341607e-05
-1.550830623904e-10
6.768905404675e-04
1.701874300648e+00
4.912856068348e-15
-1.631523993791e+01
-5.923369845716e-04
2.053238249208e+00
3.316892815919e-04
-2.502389209185e+01
3.561178042542e+01
-1.429427057471e+01
-4.399765444154e-01
2.978211273517e-03
8.549824091296e-01
-3.337609181993e-01
1.326885800726e-04
-1.901382213924e-01
-1.267039363859e+00
-1.788047645338e-01
-6.198654900646e-01
-3.384619921795e+00
2.131952105623e+01
-3.597841615126e-01
-1.789250040859e-01
-3.299627218132e-03
-5.001295384159e-02
-4.496632601396e-02
-2.215672066740e-04
-4.762093221950e-03
-1.332283726286e+00
7.759104399187e-04
-4.556124623253e-01
-2.976876351029e+00
2.041160972586e+01
-7.453226137196e-01
-3.412193285189e-01
-1.333854547498e-04
-8.114718191277e-02
-3.989984478115e-02
2.108711486769e-04
-1.010000473959e-02
-1.294705515211e+00
3.773201423017e-04
-2.472423504599e-01
-2.840893333837e+01
3.531069912466e+01
-3.512959908009e+00
-6.053699107541e-01
-6.563890064399e-02
8.452669320044e-01
-3.786967099901e-01
6.073652579792e-04
-4.629909779921e-02
-1.256266870925e+00
-1.650292381701e-01
-4.439006836529e-01
-3.235497279494e+00
2.110455493041e+01
8.117878147683e-01
-7.011070295059e-01
-2.341124235751e-03
5.268020943581e-02
-4.299492469260e-02
1.761647473762e-05
1.107113747320e-02
-1.214883681553e+00
1.843426524004e-03
7.390394449660e-02
-3.169794449995e+00
2.049826356484e+01
-2.003535945646e-01
-8.188385823230e-01
1.765941318032e-03
1.522735558038e-01
-4.254168131871e-02
4.725063554839e-05
-2.438478397514e-03
-1.064561635638e+00
-9.348110238916e-04
2.290730767158e-01
-2.856064056905e+01
3.657835651171e+01
7.059672942041e+00
-7.613276128883e-01
-1.256820354261e-01
9.977198775077e-01
-3.804887030579e-01
-7.543803396359e-05
9.486030538440e-02
-1.185427833564e+00
-1.328735740074e-01
-3.301732656828e-01
-2.532619717814e+00
2.218086131533e+01
2.579499559481e+00
-1.047212784478e+00
-2.906533077528e-03
5.268178538761e-01
-3.355184889223e-02
-9.243035857254e-04
3.412191166708e-02
-8.149393732262e-01
4.068228656582e-03
3.812213138034e-01
-1.389157078392e+00
2.011142908314e+01
3.331459873553e+00
-9.654847770932e-01
-3.597258807961e-03
6.441927457909e-01
-1.918924929500e-02
6.850556288985e-05
4.372945962912e-02
-5.565828414631e-01
6.293473223416e-03
3.826255246710e-01
-1.947669308159e+01
3.174748691675e+01
1.779805031289e+01
-6.310801219401e-01
-1.530353404618e-01
9.973711342669e-01
-2.598740579337e-01
4.993935281910e-03
2.375175677254e-01
-8.667986154830e-01
-5.848239917646e-02
-2.968753559044e-01
-2.829095784024e+00
1.825913306929e+01
1.312794936321e+00
-7.738819261327e-01
7.895114939775e-04
8.780118527035e-01
-3.630844711634e-02
3.946566821866e-03
1.993005917450e-02
-1.889419397184e-01
-2.696543039606e-03
2.491338455181e-01
-9.778377314679e+00
2.184970198669e+01
-2.691223566007e+00
-8.053721707875e-01
3.132703818056e-03
1.220627026016e+00
-1.279836183462e-01
-2.441937124791e-03
-3.215949964950e-02
-5.553302523656e-02
-3.003746140419e-02
1.886263219948e-01
-2.810243820761e+01
5.244261198157e+01
2.875649124705e+01
-9.989753862633e-01
-2.479397079507e-01
2.015631979875e+00
-3.726027017586e-01
-2.117246757783e-02
3.858927581431e-01
-1.236429707657e+00
-3.666104101576e-02
-6.529592568860e-01
1.124230494716e+01
3.383301466686e+01
9.114857284904e+00
-7.874055753120e-01
9.450018239926e-04
2.100188252917e+00
1.370427871218e-01
-1.656982269314e-02
1.128630795804e-01
-7.624908178451e-02
4.453375464886e-02
-3.311956559125e-01
2.261723070106e+01
1.443019513128e+01
7.457498292693e+00
-1.925568998701e-01
1.913283701203e-02
9.021670785921e-01
2.873004217949e-01
5.295986735263e-03
9.368969252884e-02
9.778088328437e-02
7.651367806115e-02
-2.070786960039e-01
3.272297597408e+00
3.293707542618e+00
4.201840205629e+00
-7.196075200894e-03
-1.580748185790e-02
6.348958192464e-02
4.620612017471e-02
1.308001740061e-02
6.627493381764e-02
-4.463505696514e-03
1.878514495850e-02
-2.038913887334e-02
-3.258511414645e+01
1.088255442672e+01
4.643066497545e+00
2.329124529247e-01
-5.020235122263e-02
6.022566079528e-01
-4.350258969812e-01
1.033937424715e-02
6.094186520773e-02
2.280420627796e-01
-9.305184598897e-02
-3.975030570146e-01
-3.938746012448e+01
5.491229414486e+01
1.150972894943e+01
1.779091032147e-01
-6.833338077520e-02
2.880528665346e+00
-4.657797477232e-01
-4.231437383175e-02
1.464318105576e-01
-8.060024743616e-01
-1.096603248458e-01
-2.158095704694e+00
4.485200931080e+01
8.197698112999e+01
4.850504248024e+01
-7.513815864388e-01
-1.906478647112e-01
2.924004880000e+00
5.881338084199e-01
-5.213636040307e-02
6.486098917481e-01
-2.176227896579e+00
3.287110708070e-01
-2.039035899679e+00
2.391988855481e+01
2.544338484825e+01
-5.833060968849e+00
5.186768241352e-01
6.263330644207e-02
9.369558653713e-01
3.134687322066e-01
-1.843743824090e-03
-7.371318103306e-02
-5.056188883819e-01
4.937440789564e-02
-1.249594575987e+00
4.629094455358e+00
1.357315780458e+01
-2.651805970630e-01
3.202402948743e-01
1.234373621104e-02
3.396539382114e-01
6.100956568417e-02
4.748164704620e-03
-1.695523558160e-03
-4.054474860275e-01
6.851006803669e-03
-6.715060291937e-01
1.080278113976e+01
2.655779346199e+01
2.143241024271e+01
-2.639356657697e-01
-7.140102539936e-02
7.167849469570e-01
1.449049976176e-01
4.645141788062e-03
2.854629044080e-01
-8.246216908154e-01
1.246034832536e-01
-4.857537920436e-01
-1.073540565431e+00
2.035483201201e+01
5.659526251063e+00
2.485069250867e-01
-1.530730126134e-02
2.396305261792e-01
-1.292555079528e-02
5.874738366798e-04
7.391013886112e-02
-9.911341355375e-01
-4.745911790198e-03
-8.524924624621e-01
1.794352365915e+00
2.294448506610e+01
3.171444056408e+00
1.566447871227e-01
-4.654149225618e-03
1.252579063727e-01
2.455684293378e-02
-1.564330506474e-03
4.130962290436e-02
-1.264877404102e+00
-8.790071936113e-04
-8.391863177707e-01
2.716380619277e+01
3.786170597734e+01
1.285467160814e+01
-4.618607319887e-01
4.471777731550e-03
8.997096859344e-01
3.621860714040e-01
-1.743678777433e-03
1.713378659100e-01
-1.367020241295e+00
1.871952153307e-01
-6.771728882027e-01
3.762791886149e+00
2.123198957670e+01
-6.679705878290e-01
-1.730127281444e-01
6.760628772508e-03
-6.083377564267e-02
5.009599920797e-02
-1.894703290167e-04
-8.454282393872e-03
-1.329313793170e+00
-8.365080948987e-04
-4.539955414950e-01
2.931753753138e+00
2.013099697663e+01
6.767323731031e-01
-3.369005189455e-01
2.449443763551e-04
-7.848427756906e-02
3.929868742472e-02
4.112249707288e-04
9.313286487488e-03
-1.275813016884e+00
-3.607923424222e-05
-2.441649309357e-01
2.792901718294e+01
3.469015530527e+01
3.368850059706e+00
-5.938137250783e-01
6.436110265984e-02
8.279541810609e-01
3.724727863408e-01
4.577424233718e-04
4.456268367310e-02
-1.236238997561e+00
1.624495403267e-01
-4.344730322884e-01
3.228876410428e+00
2.101366068624e+01
-2.920224489530e-01
-6.987555059716e-01
7.702008659505e-04
5.078386716059e-02
4.307168699823e-02
-9.992150075478e-05
-4.028294205684e-03
-1.210204595359e+00
-5.098418778040e-04
7.654256679181e-02
3.105372253008e+00
2.079063229623e+01
-1.868297352233e-01
-8.277458216250e-01
-6.971321406679e-04
1.626763849628e-01
4.160181483267e-02
-2.516413043046e-05
-2.509388515876e-03
-1.079470620948e+00
5.024068453798e-04
2.233350917008e-01
2.740949073374e+01
3.546125681481e+01
-8.143050764542e+00
-7.362938703161e-01
1.247716185883e-01
9.637742852850e-01
3.653950626549e-01
7.641682149918e-05
-1.088150334824e-01
-1.149302926353e+00
1.264973202397e-01
-3.186442449507e-01
2.705400190034e+00
2.108872897460e+01
-1.939548644903e+00
-9.991584959647e-01
1.456973631970e-03
4.953072235663e-01
3.608603077213e-02
-1.228136897978e-04
-2.584203926666e-02
-7.693736346832e-01
-2.026287258503e-03
3.746996423327e-01
2.733742844718e+00
2.059144799212e+01
-1.444598828490e+00
-9.890300056463e-01
-3.121596184638e-04
6.613534191981e-01
3.668244234611e-02
8.183551214059e-05
-1.928940469893e-02
-5.669998196393e-01
3.939250535049e-04
3.919504067872e-01
2.224904586757e+01
3.526979539453e+01
-1.781923749611e+01
-7.346360916182e-01
1.627628493367e-01
1.131782308137e+00
2.964858680564e-01
2.242038963386e-04
-2.377701857290e-01
-9.689042286783e-01
6.937108953571e-02
-3.135862171617e-01
1.832270156565e+00
2.108694462226e+01
-2.766868333410e+00
-8.943950273232e-01
4.461835173763e-04
1.021118181558e+00
2.439755818124e-02
-8.312315880231e-05
-3.689093274534e-02
-2.439730979950e-01
-2.164824560676e-03
2.696742739709e-01
2.005871887980e+00
2.061406841277e+01
-2.371470440622e+00
-7.543478029784e-01
-1.843923722007e-04
1.137181914202e+00
2.692214355464e-02
3.602107994683e-05
-3.174985365760e-02
-9.249199660790e-02
5.489563028363e-04
1.566955808420e-01
1.379926247141e+01
3.535607341168e+01
-2.503488000383e+01
-6.168800088431e-01
1.773525827717e-01
1.259693941659e+00
1.837724616563e-01
1.747004482071e-04
-3.338820560424e-01
-8.463966299195e-01
1.834681163200e-03
-4.343705359398e-01
5.774498330861e-01
2.110924776506e+01
-3.288909175612e+00
-4.498186984028e-01
-4.701366979942e-04
1.320071281915e+00
7.672595022548e-03
-6.700325446500e-05
-4.382374366685e-02
5.346340877844e-02
-2.418409058192e-03
-1.758251500869e-01
9.509079413190e-01
2.057421849057e+01
-2.958236308120e+00
-2.507056268845e-01
1.759440289231e-05
1.304075224412e+00
1.278830256292e-02
3.947704367645e-05
-3.964791417101e-02
7.745455286233e-02
5.579857080253e-04
-3.451882174873e-01
3.260833693032e+00
3.539094120317e+01
-2.845212398198e+01
-4.446822661104e-01
1.649187901779e-01
1.263946102481e+00
4.321599686027e-02
1.582621636994e-04
-3.793481219674e-01
-8.442515342455e-01
-6.608502157055e-02
-6.078306713071e-01
-7.633235965888e-01
2.113276320528e+01
-3.263469550390e+00
7.552970424909e-02
-1.449908653727e-03
1.217060580071e+00
-1.018553286398e-02
-6.868875030626e-05
-4.346126276995e-02
-5.137098918854e-02
-2.192607826252e-03
-7.022604640907e-01
-2.418739393060e-01
2.054431457535e+01
-3.097772745846e+00
2.244473464747e-01
2.228735476259e-04
1.066837520277e+00
-3.209603559654e-03
5.356590802085e-05
-4.154759122035e-02
-1.572472055823e-01
5.136668857977e-04
-8.188235002123e-01
-7.800036218551e+00
3.545496437312e+01
-2.762089755431e+01
-3.215702406120e-01
1.275426404183e-01
1.146413268475e+00
-1.042695497686e-01
1.353853862557e-04
-3.681458439453e-01
-9.657966872189e-01
-1.242798416819e-01
-7.331673485678e-01
-2.010430112786e+00
2.117283626795e+01
-2.700766451627e+00
3.736673282632e-01
-2.380325499688e-03
7.731344490534e-01
-2.676877397609e-02
-9.411429694168e-05
-3.594767872343e-02
-4.983128144066e-01
-1.592628117493e-03
-1.002143026995e+00
-1.420867700873e+00
2.050427751726e+01
-2.755700381283e+00
3.936190608216e-01
3.081826161531e-04
5.631323084163e-01
-1.902481009769e-02
9.424985923692e-05
-3.698644241689e-02
-6.576314311278e-01
3.730749721578e-04
-9.860714948365e-01
-1.772206063965e+01
3.548492014596e+01
-2.261717145729e+01
-3.191483888680e-01
7.057459645984e-02
9.753709834691e-01
-2.365177201469e-01
1.436873915086e-04
-3.012836762830e-01
-1.138675044072e+00
-1.637321055734e-01
-7.365835853677e-01
-2.922343412939e+00
2.119991656294e+01
-1.689579933654e+00
2.690444984479e-01
-3.004745365713e-03
2.474305006270e-01
-3.888273283486e-02
-1.179617264547e-04
-2.246364883546e-02
-1.026235232529e+00
-5.466463337817e-04
-8.988803192504e-01
-2.348756756664e+00
2.047262248354e+01
-2.020615954255e+00
1.589029255081e-01
4.829958415332e-04
8.772185519573e-02
-3.149712034321e-02
1.481277209855e-04
-2.712762101617e-02
-1.129979514993e+00
3.072111635860e-04
-7.495607448956e-01
-5.009695847886e+01
4.621862283447e-03
-2.851316277177e+01
-8.803760015966e-01
-2.261706046095e-04
1.710243349531e+00
-8.876619071813e-05
-1.368963255902e-04
1.790258366449e-04
-2.533840177000e+00
3.542822605037e-04
-1.240317625883e+00
-6.760988555754e+00
-2.615268339919e-02
-7.347676957345e-01
-3.572395806474e-01
1.191630615125e-04
-1.007298900038e-01
1.519042394688e-05
9.838576325047e-05
-1.308369906176e-04
-2.662812836475e+00
3.642621965276e-04
-9.103192331299e-01
-5.931152241516e+00
2.477950841440e-02
-1.552120122886e+00
-6.830077281456e-01
2.599530769480e-04
-1.619476615520e-01
1.611807008667e-04
-4.812950235014e-05
-4.381679070326e-04
-2.590972248722e+00
3.208129683320e-04
-4.949284231077e-01
-5.685583828322e+01
6.327662257343e-02
-6.945531605080e+00
-1.212335775869e+00
-1.914575920798e-04
1.692085630673e+00
-2.186768547895e-04
-2.722145666321e-04
3.266614906344e-05
-2.515153805767e+00
4.115657577801e-04
-8.894992097452e-01
-6.469122397722e+00
-2.440898179360e-03
1.689318418241e+00
-1.402082392434e+00
1.525446290311e-04
1.049924930162e-01
-4.102920222748e-05
-2.556942935286e-05
2.422870599882e-04
-2.429715812458e+00
4.667131915621e-04
1.480992944593e-01
-6.332125155124e+00
8.835965414491e-04
-3.890394189886e-01
-1.637772700609e+00
2.689080957415e-04
3.045625056811e-01
5.837693033008e-06
-2.829891949130e-05
-3.345211604907e-04
-2.129213243206e+00
1.967213180110e-04
4.582199632626e-01
-5.709966636165e+01
3.666165917157e-02
1.427093128484e+01
-1.522507872191e+00
-4.377684104057e-04
1.996183266573e+00
-1.015793300340e-04
4.365676432106e-04
2.172093749527e-04
-2.371089286694e+00
5.522234545805e-04
-6.620171081144e-01
-5.032112995030e+00
-7.235723033931e-02
5.211164798537e+00
-2.089709415556e+00
-2.223761528796e-04
1.050868683383e+00
3.656236757627e-04
6.592286212613e-04
7.558859754568e-04
-1.625722705636e+00
2.382927747513e-04
7.619149464784e-01
-3.008252626074e+00
-3.125032355774e-02
6.297722931632e+00
-1.931141140272e+00
1.958973261091e-04
1.287509185814e+00
-1.146921639182e-03
-3.076748502813e-04
-1.848924267520e-03
-1.111175548846e+00
-1.021855261519e-03
7.672747271372e-01
-3.949112379972e+01
5.681641266881e-01
3.551120955608e+01
-1.280635882783e+00
-1.947681672279e-03
2.018554905372e+00
-4.195351697543e-03
-1.852295509345e-03
-1.117931421002e-03
-1.752379877511e+00
-1.740213787356e-03
-5.989609796943e-01
-5.168089721917e+00
4.651762118406e-01
3.243389529182e+00
-1.568441795110e+00
-7.711923468382e-04
1.780718256214e+00
2.041597656085e-03
-1.327829594687e-03
2.413041742953e-03
-3.894439772484e-01
1.191915974211e-03
4.998133879372e-01
-1.802534677328e+01
-3.094468987839e-01
-4.196882410846e+00
-1.597078031883e+00
-2.551818539688e-03
2.420678784508e+00
7.558877995628e-03
5.219484240810e-04
4.942032318882e-03
-1.114809699270e-01
3.693351061087e-03
3.741558696761e-01
-5.438268514832e+01
-2.213592025608e+00
5.753974730531e+01
-1.932945030711e+00
1.375421760327e-03
3.915673665510e+00
1.171094231725e-02
9.216345204442e-03
-2.826340831588e-03
-2.422992312428e+00
5.358699784156e-03
-1.276189477719e+00
1.973553201960e+01
-1.540314519700e+00
1.681527328323e+01
-1.515860782434e+00
-9.480949785514e-03
4.079602561525e+00
-8.180125505883e-03
9.535668031353e-03
-4.848627085021e-03
-1.321304120563e-01
-5.284414154049e-03
-6.362144675660e-01
4.182455438463e+01
5.964943328694e-01
1.350596057111e+01
-3.892020453710e-01
-4.048708433489e-03
1.822987109247e+00
-1.081580070487e-02
-1.820437800283e-03
-2.762780160868e-03
1.766377570732e-01
-4.938935915437e-03
-4.275767387167e-01
6.575274643587e+00
1.126181503226e+00
9.497826143240e+00
-2.452991741580e-02
-3.621320625204e-03
1.837820845910e-01
4.985394603869e-04
-8.423646163696e-03
4.084093213421e-03
-2.721136326314e-02
2.673113405011e-03
-6.532424494670e-02
-6.022838871463e+01
9.065161218549e-01
9.392536644387e+00
4.375681766101e-01
3.526214383514e-03
1.222584113040e+00
1.191353391600e-02
-7.596344979648e-03
-1.258017025616e-03
4.080754104605e-01
-6.267346347386e-04
-8.016677060340e-01
-6.921299295031e+01
-3.152098522829e+00
2.229796483118e+01
3.764198626513e-01
2.052759660867e-02
5.493210523023e+00
1.586301021718e-02
3.068437350721e-02
-4.948169701802e-03
-1.517913751793e+00
7.466054149346e-03
-4.113916103854e+00
8.386010601994e+01
-3.591674059707e+00
9.593969888579e+01
-1.461273518068e+00
2.692235153642e-03
5.629313140709e+00
-3.074210240840e-02
3.948931169566e-02
-8.903542250684e-03
-4.230102401943e+00
-1.793958337884e-02
-3.901936794090e+00
4.489996461989e+01
-8.186754377157e-03
-1.066875799264e+01
1.021657027314e+00
-3.642330238472e-03
1.867621516750e+00
-9.511147543431e-03
1.918578645401e-03
3.256080356561e-03
-1.021954971921e+00
-2.530050088994e-03
-2.482927967744e+00
9.002013276312e+00
2.946375365042e-01
-3.932381794700e-01
6.459410592993e-01
6.830390517893e-04
6.931289363567e-01
9.308375877159e-04
-4.056027284850e-03
-3.549340566280e-04
-8.274168430015e-01
-3.252762061818e-04
-1.363428076425e+00
2.197507578383e+01
2.715040511062e-01
4.278494313702e+01
-5.298027785895e-01
7.097858623776e-04
1.445514097853e+00
1.352605584861e-03
-4.070405394347e-03
2.689669778012e-04
-1.664869735022e+00
3.647915409560e-04
-9.851786809985e-01
-1.764949070992e+00
6.165581508168e-02
1.095975570650e+01
4.975099196577e-01
8.474330019023e-04
4.807964564066e-01
8.781790275051e-04
-2.520418108160e-04
-8.777876692345e-04
-1.985232261611e+00
-5.578778280436e-04
-1.707539577460e+00
3.748951208078e+00
-1.209621468787e-01
6.121267809193e+00
3.137680818561e-01
4.396093422265e-04
2.476825487999e-01
2.848494918832e-04
1.160696006253e-03
-7.008963484771e-04
-2.520335388300e+00
-1.657704049298e-04
-1.672261557898e+00
5.422483142376e+01
-1.532894062596e-01
2.578272619884e+01
-9.218946920181e-01
-7.974903757008e-06
1.795405807561e+00
-9.079454987853e-04
1.084226730155e-03
4.927215962282e-04
-2.724701568469e+00
-3.996340488550e-04
-1.349639377818e+00
7.474541507712e+00
-1.224043743508e-02
-1.186561334942e+00
-3.460000636829e-01
-2.506220085018e-04
-1.213266159657e-01
-1.705499301295e-04
1.609083634532e-04
5.018742743020e-04
-2.657461125516e+00
2.423491502748e-04
-9.072314892733e-01
5.856101179439e+00
2.794488505183e-02
1.397798018300e+00
-6.746711666733e-01
3.949862885005e-05
-1.565224632049e-01
-5.744295428571e-05
-3.107737381664e-04
5.509448443677e-05
-2.554208188585e+00
2.340184892360e-04
-4.890177841752e-01
5.591567750250e+01
1.686055735841e-02
6.662067268620e+00
-1.188626417645e+00
3.563707167219e-04
1.656951269743e+00
1.741538007888e-04
-4.876963799369e-04
-1.468893117529e-04
-2.473790719967e+00
1.571034265349e-04
-8.701381424633e-01
6.472004471684e+00
-1.463189910463e-02
-6.160712880775e-01
-1.396971771217e+00
8.964198352638e-05
1.011349291365e-01
3.280606240900e-05
2.460091392372e-05
-3.264641518031e-05
-2.419616078881e+00
1.326435899441e-04
1.533744038006e-01
6.217175923017e+00
2.721198090363e-03
-3.574543258866e-01
-1.655449136621e+00
8.061910015067e-05
3.254663132862e-01
-3.328934182349e-05
8.003281916304e-05
1.961511961406e-04
-2.158938243809e+00
1.976851955937e-04
4.465806259636e-01
5.483700216595e+01
3.847783852082e-03
-1.633415494575e+01
-1.472728381525e+00
2.069568958838e-04
1.927816859383e+00
6.219562377158e-05
-6.966530716731e-05
-6.581179759252e-05
-2.298735087737e+00
6.461304597627e-05
-6.381469481874e-01
5.421669744416e+00
-1.486876349316e-02
-3.879109870554e+00
-1.997602149853e+00
7.273572304770e-05
9.900344652935e-01
2.964269162554e-05
5.410269004407e-05
-1.774915018360e-05
-1.538011584202e+00
7.375495570065e-05
7.495548519185e-01
5.487143985188e+00
8.082042419923e-03
-2.860779713847e+00
-1.978439719958e+00
6.160845634598e-05
1.323113904884e+00
6.963718021961e-05
-2.335224395276e-05
2.156148675121e-04
-1.134355541682e+00
1.206946122738e-04
7.838919022301e-01
4.449631408604e+01
1.851240755764e-02
-3.569097439717e+01
-1.469999251989e+00
1.333411164685e-04
2.264220035746e+00
6.351439649016e-05
-1.528599745418e-04
-1.025042042823e-04
-1.938672920837e+00
2.929579474051e-06
-6.279798404727e-01
3.660240416150e+00
-8.927888463518e-03
-5.548728089451e+00
-1.788326699322e+00
1.289600109700e-05
2.041709480904e+00
-3.894346472612e-05
5.176633069450e-05
-8.446838816151e-05
-4.875600292161e-01
-2.136565059491e-05
5.395531898192e-01
4.030825268032e+00
2.233616711532e-03
-4.729383642998e+00
-1.508784305132e+00
3.208163667368e-05
2.274542511333e+00
1.017725920991e-04
-1.046384654046e-05
1.451271192000e-04
-1.850769967060e-01
5.397338562302e-05
3.133426976588e-01
2.758345262456e+01
1.556365206895e-02
-5.010957446522e+01
-1.234413048984e+00
5.375422137494e-05
2.519805854285e+00
6.230532247828e-05
-1.231003073630e-04
-7.638015257450e-05
-1.693514229453e+00
-1.690645449443e-06
-8.694101946828e-01
1.147093837841e+00
-5.552405312256e-03
-6.588308262536e+00
-8.993154376054e-01
-4.190765268868e-05
2.639708973315e+00
-6.641796707202e-05
5.974553583175e-05
-6.180016606476e-05
1.071634461208e-01
-1.625016335010e-05
-3.514151728690e-01
1.918370609003e+00
9.450411860445e-04
-5.912243764071e+00
-5.014529410432e-01
1.155438630247e-05
2.608296237732e+00
1.043799908144e-04
-2.601439131327e-05
8.776456636927e-05
1.548339363419e-01
2.660111475114e-05
-6.904454693567e-01
6.490667564384e+00
9.821663211039e-03
-5.693230049732e+01
-8.900514845825e-01
-4.024802918529e-06
2.528152213691e+00
5.648780421622e-05
-1.373706830712e-04
-6.637303392115e-05
-1.689027730210e+00
-7.962423698771e-06
-1.216106709425e+00
-1.533256805873e+00
-5.419653909549e-03
-6.533136548534e+00
1.513138803442e-01
-5.631037752082e-05
2.433677074006e+00
-4.807796326051e-05
6.384845356101e-05
-3.344735629120e-05
-1.025109544524e-01
2.570019156267e-05
-1.404197810556e+00
-4.698338095706e-01
2.791758581113e-03
-6.196457298294e+00
4.488366973796e-01
-6.273327827155e-06
2.133902628089e+00
1.106550603188e-04
-2.878873331395e-05
4.914263312468e-05
-3.146498480398e-01
2.722119282952e-05
-1.637797179562e+00
-1.564723238730e+01
3.605972354293e-03
-5.525086938025e+01
-6.438819503322e-01
-6.659207149254e-05
2.292973514426e+00
3.754952208251e-06
-1.553755069742e-04
-5.008082298652e-05
-1.931788224692e+00
2.252163376959e-05
-1.466567868326e+00
-4.019256597888e+00
-9.209270727697e-03
-5.408320849515e+00
7.475448920203e-01
-4.533226429891e-05
1.545701316086e+00
1.315594503334e-05
6.722293945340e-05
-4.548220943778e-05
-9.961978114913e-01
1.049038435982e-04
-2.003743507336e+00
-2.825361023043e+00
9.151919111067e-03
-5.518188642416e+00
7.871641991569e-01
-2.354411550706e-05
1.126694418165e+00
1.431144106936e-04
-2.861915727452e-05
-7.549017511222e-06
-1.315703454461e+00
9.233395458223e-05
-1.972543765761e+00
-3.550072919787e+01
1.472533108448e-03
-4.520998609652e+01
-6.389445997960e-01
-1.515490211354e-04
1.951003594794e+00
-6.360966538715e-05
-1.829727640576e-04
2.702278226224e-05
-2.277224547154e+00
1.339650067123e-04
-1.473480168845e+00
-5.837826657371e+00
-1.462528335073e-02
-3.390869056223e+00
5.383518353095e-01
4.003539890579e-06
4.942548984948e-01
5.313359642281e-05
5.431119552740e-05
-1.104676977944e-04
-2.051651798155e+00
2.332524005779e-04
-1.797053596734e+00
-4.680875310223e+00
1.807776686918e-02
-4.055132832512e+00
3.176148123895e-01
1.986983021693e-05
1.759696819660e-01
1.684259484541e-04
-2.393201985162e-05
-1.169931288132e-04
-2.260945911699e+00
2.331110554354e-04
-1.499755095520e+00
-5.010699679077e+01
-1.524661414916e-02
-2.846320493717e+01
-8.800369044064e-01
-5.175919879027e-05
1.709726625530e+00
-1.228271700748e-05
-1.314274191236e-04
3.387564528111e-04
-2.533303639071e+00
3.148312323944e-04
-1.240164791037e+00
-6.747416521049e+00
-6.406614539843e-03
-7.657480976591e-01
-3.568356759132e-01
1.141863406657e-04
-1.012912934968e-01
1.213239040145e-04
1.302339523746e-04
-2.010185497719e-04
-2.661334908185e+00
2.157155140351e-04
-9.096942954188e-01
-5.922784527278e+00
1.705843933367e-02
-1.601535798674e+00
-6.836345667503e-01
1.385752620937e-04
-1.615972183175e-01
-6.592298529255e-05
-6.157706456390e-05
-8.305834927500e-05
-2.592753361329e+00
3.160633432971e-04
-4.954424076937e-01
-5.687760937981e+01
1.837568128087e-02
-6.915508999500e+00
-1.213423741474e+00
-6.642536179008e-05
1.693140782394e+00
-1.001961867864e-05
-3.047132440173e-04
2.895348294324e-04
-2.517466673009e+00
3.735230782994e-04
-8.902907939041e-01
-6.468692355986e+00
-6.734697501058e-03
1.722478281178e+00
-1.401848159578e+00
1.084592516976e-04
1.046760069330e-01
4.241487867259e-05
-4.627697530808e-05
9.553819141800e-05
-2.429331254342e+00
2.873516997840e-04
1.481920720779e-01
-6.345785297214e+00
-3.301015532031e-06
-4.466404657259e-01
-1.637894827450e+00
3.205527753588e-04
3.042027471710e-01
-1.557361375913e-04
1.064712199531e-05
-2.785154120269e-04
-2.129113700668e+00
1.288429704848e-04
4.586856609637e-01
-5.715256477955e+01
9.832859958165e-02
1.428712848367e+01
-1.524569000301e+00
-3.483820818345e-04
1.999782816302e+00
-4.274543776918e-04
3.053046317096e-04
1.195727125409e-05
-2.374668923094e+00
3.070755831129e-05
-6.635187252246e-01
-4.954580791171e+00
1.833582293910e-02
5.368533522776e+00
-2.087706275247e+00
-3.759688540122e-04
1.050312175460e+00
4.450295585971e-04
4.557558543280e-04
8.726947530934e-04
-1.624531737856e+00
3.025271755401e-04
7.612390963972e-01
-3.155737734155e+00
-6.481804706643e-02
6.063664489784e+00
-1.929245158159e+00
-2.278107963168e-04
1.284219126378e+00
-4.753639520616e-04
-1.303287378195e-04
-6.290151887292e-04
-1.106965462198e+00
-5.228370779557e-04
7.697597738702e-01
-4.010536742214e+01
2.583660845748e-01
3.530619190033e+01
-1.298039708758e+00
-1.366803623254e-03
2.041811654220e+00
-2.241183268677e-03
-1.972200106605e-03
-9.831574885724e-04
-1.770044102614e+00
-1.038965548219e-03
-6.036213172808e-01
-4.827238002674e+00
2.357142371037e-01
3.644928251787e+00
-1.589374098926e+00
-9.754877894882e-04
1.805389497036e+00
1.631310441133e-03
-1.593047519700e-03
1.754551294766e-03
-4.013891337755e-01
6.860145798125e-04
5.010595549084e-01
-1.693816637168e+01
-2.226394467863e-01
-3.444450819216e+00
-1.580824282941e+00
-1.957077532742e-03
2.396941507574e+00
4.149317287097e-03
6.612258953050e-04
3.183853138779e-03
-1.095874941410e-01
1.660524904324e-03
3.718658565931e-01
-5.309708794630e+01
-9.316075649072e-01
5.715814275015e+01
-1.875898230002e+00
-2.192053203529e-03
3.820272587980e+00
3.026771294353e-03
6.570638250920e-03
-8.634591698443e-04
-2.381265034911e+00
1.359982650053e-03
-1.249957987912e+00
1.842724756260e+01
-3.472623755266e-01
1.608381889940e+01
-1.474740941658e+00
-7.743557114444e-03
4.000764311335e+00
-5.486411648598e-03
4.715631993657e-03
-2.661842940107e-03
-1.205194885680e-01
-2.332225080928e-03
-6.194110102724e-01
4.081301534535e+01
3.268807337545e-01
1.254431693807e+01
-3.969864095030e-01
-2.433450427809e-03
1.847419857285e+00
8.768834202888e-05
-1.109101761325e-03
2.946164275175e-04
1.636277902698e-01
8.449528933819e-04
-4.393937872033e-01
6.935980236394e+00
-1.787920626743e-01
9.575804877801e+00
-2.877044375979e-02
1.627628979224e-03
2.145313364502e-01
3.657309995259e-03
-7.598712081559e-03
-1.315115623323e-03
-3.169038280096e-02
7.335609778536e-05
-7.762742814814e-02
-5.921515779959e+01
-4.547877664419e-01
9.658167246169e+00
4.321071137342e-01
1.537205307677e-03
1.226423111200e+00
-2.099841709655e-04
-7.201352900691e-03
8.099323983602e-04
3.982058940850e-01
-1.363986312529e-04
-8.027760213419e-01
-6.839095083533e+01
1.193431488911e+00
2.229460482926e+01
3.892913164802e-01
-3.418982493166e-03
5.414668685253e+00
-7.358543826854e-03
2.532818333961e-02
3.330706848532e-03
-1.490933668073e+00
-9.350504901573e-03
-4.054804109089e+00
8.218117798277e+01
2.260656833735e+00
9.569835401325e+01
-1.455054908411e+00
8.555813015796e-04
5.591628069366e+00
1.141868871092e-02
3.416434652091e-02
6.132218282998e-03
-4.217529681500e+00
5.930152398552e-03
-3.869002714030e+00
4.476008900339e+01
1.970700789665e-01
-1.064678440664e+01
1.019351955317e+00
4.403450246529e-03
1.873796124363e+00
7.416862440016e-03
1.695994767702e-03
-2.950955009908e-03
-1.029733250558e+00
4.778684935500e-04
-2.486956466467e+00
9.175228095341e+00
-3.402354403609e-01
-5.114741474513e-01
6.468126493900e-01
6.238180988631e-04
6.914159462448e-01
1.002162370225e-03
-3.721716531280e-03
-9.135977189772e-04
-8.252809351786e-01
-3.033423296400e-04
-1.362616704085e+00
2.185074456468e+01
-3.788165949549e-01
4.281579075190e+01
-5.283478681448e-01
5.275744666963e-05
1.441833390577e+00
-2.606454288411e-03
-3.956908392591e-03
2.788204017462e-05
-1.661356035782e+00
-1.721603369344e-03
-9.831190097580e-01
-1.774334645976e+00
1.756406776919e-02
1.097564852540e+01
4.968439436602e-01
-7.496709697431e-04
4.828607704292e-01
-9.907739573540e-04
-3.439606248929e-04
1.028721673946e-03
-1.988228746204e+00
-2.009371605341e-04
-1.709144469872e+00
3.810970650414e+00
7.722068467988e-02
6.025306852000e+00
3.141216568913e-01
1.260469974265e-04
2.468034196396e-01
3.706828880311e-04
1.275907483102e-03
-2.908982611151e-04
-2.518460365663e+00
-5.621771733613e-05
-1.671000799725e+00
5.416290632761e+01
3.035369238548e-02
2.580249079794e+01
-9.207398573358e-01
4.937755109420e-04
1.793110783325e+00
2.733659059283e-04
1.147974894186e-03
-3.090565071022e-04
-2.720859450827e+00
1.278879216051e-04
-1.347411621307e+00
7.455372994384e+00
1.116914636910e-02
-1.143137737180e+00
-3.461983591670e-01
8.585569722330e-05
-1.208616567505e-01
-3.950860668999e-05
1.366199044830e-04
-3.820594301522e-05
-2.657428480697e+00
1.563545552091e-04
-9.071365070372e-01
5.859307305885e+00
-1.932874592783e-02
1.378061779399e+00
-6.748079212230e-01
1.608006580316e-04
-1.563907289380e-01
8.852114001646e-05
-2.926406312251e-04
-2.571419167617e-04
-2.554593480379e+00
1.792723751602e-04
-4.891915951134e-01
5.591147785033e+01
-5.834568439462e-02
6.642198172799e+00
-1.188045858414e+00
1.639725241467e-04
1.656427981921e+00
-2.148819337764e-04
-4.605387735407e-04
-6.501464505232e-05
-2.472519179879e+00
7.155039625070e-05
-8.698650354048e-01
6.471661253277e+00
-8.904438269619e-03
-5.874609834108e-01
-1.396469081037e+00
4.653864082002e-05
1.008619788849e-01
-3.287282924932e-05
3.258226778018e-05
3.337944982501e-04
-2.418680387521e+00
3.562065518505e-04
1.534869156667e-01
6.220489633065e+00
1.523821152066e-02
-3.414732252399e-01
-1.655942015838e+00
1.252757559028e-04
3.258745918422e-01
6.369481781433e-05
5.945457485974e-05
-2.430367941197e-05
-2.159678967186e+00
1.915858860270e-04
4.464498660296e-01
5.483381541191e+01
-5.943312327435e-03
-1.636268202177e+01
-1.472738901302e+00
2.229706993629e-04
1.927893522053e+00
-9.300056850936e-05
-6.726394259332e-05
-2.293132709676e-04
-2.298849923863e+00
9.453934388649e-05
-6.383014694608e-01
5.425148419298e+00
-4.421564109760e-03
-3.869788149335e+00
-1.997091922814e+00
1.570111272626e-04
9.895200249982e-01
9.949507337584e-06
6.665913150511e-05
1.122851698442e-04
-1.537413269358e+00
1.567675268452e-04
7.495792890081e-01
5.498260511919e+00
3.730981409976e-03
-2.844634905705e+00
-1.978810040122e+00
1.080885949659e-04
1.323507897492e+00
4.466444789676e-05
-4.483417579794e-05
-4.320966146462e-05
-1.134724149899e+00
7.856927706969e-05
7.838505876348e-01
4.449141676583e+01
-6.672523958517e-03
-3.570817433681e+01
-1.470301672989e+00
1.085839994333e-04
2.264599878394e+00
-1.121254434677e-04
-1.605952669077e-04
-7.414591599869e-05
-1.939063651040e+00
6.278057975668e-05
-6.281155442867e-01
3.658832762896e+00
8.520362931996e-04
-5.549959337637e+00
-1.788154938250e+00
1.259159375465e-04
2.041403337414e+00
2.436544468520e-05
5.878046516598e-05
6.870674631125e-05
-4.873602473106e-01
4.892330252858e-05
5.396129367379e-01
4.039402279632e+00
6.738494638441e-04
-4.723809832700e+00
-1.508862439701e+00
6.208902541334e-05
2.274679551455e+00
-1.248508424859e-05
-2.147966481156e-05
-8.567740597050e-05
-1.851502628002e-01
4.612912120172e-06
3.133098128180e-01
2.758238762839e+01
-6.561999868342e-03
-5.011556391231e+01
-1.234585655703e+00
6.057889736555e-05
2.520113954818e+00
-7.132071579541e-05
-1.292460125147e-04
1.527316592470e-05
-1.693736673562e+00
5.259891058182e-05
-8.695207868431e-01
1.143428395608e+00
5.324403082348e-03
-6.589858577292e+00
-8.993233005131e-01
8.786457486600e-05
2.639706164020e+00
2.679264452385e-05
6.240419604187e-05
4.460191976472e-05
1.072049244861e-01
-8.144922759190e-06
-3.513975136372e-01
1.918321385259e+00
-2.521177972966e-03
-5.912224962051e+00
-5.014412207160e-01
2.079730368386e-05
2.608230185926e+00
-1.056873416687e-04
-2.998147911619e-05
-8.767569948742e-05
1.548258829189e-01
-3.566453327089e-05
-6.904275231695e-01
6.491054630498e+00
-1.205725991289e-02
-5.693242123703e+01
-8.900340846272e-01
5.428877113034e-05
2.528069969907e+00
-4.992908030520e-05
-1.357248901786e-04
6.527661014455e-05
-1.689008981743e+00
7.201521375716e-05
-1.216065600249e+00
-1.530107277147e+00
6.445710582408e-03
-6.533297461266e+00
1.513174540330e-01
6.657464340212e-05
2.433714580902e+00
7.983446421453e-05
6.961059417209e-05
3.158835056378e-05
-1.025024149747e-01
-1.510118894388e-05
-1.404223227040e+00
-4.758275266261e-01
-1.230913814592e-03
-6.195250242211e+00
4.487718020083e-01
-2.927539816111e-05
2.133968870336e+00
-1.749881624702e-04
-3.421611723442e-05
-3.521462560429e-05
-3.147231459501e-01
-3.599383294325e-05
-1.637818981398e+00
-1.565246635033e+01
-1.959539405393e-02
-5.524272042744e+01
-6.437612918459e-01
3.093001760208e-05
2.292490870173e+00
-5.391215625597e-05
-1.441746276011e-04
1.333934631637e-04
-1.931379920940e+00
9.327543587601e-05
-1.466224806660e+00
-4.002509110377e+00
4.286658160177e-03
-5.415527224425e+00
7.475732698968e-01
5.832944115001e-05
1.545504529376e+00
1.607524871599e-04
8.529040082877e-05
-3.137374616239e-05
-9.960401485057e-01
1.418802315117e-05
-2.003603392790e+00
-2.829198101473e+00
4.477089321609e-03
-5.515974591540e+00
7.870538545395e-01
-7.782463384633e-05
1.127132958700e+00
-1.834076973334e-04
-4.307614475650e-05
3.549507256722e-05
-1.316107784991e+00
3.650265914112e-05
-1.972912024297e+00
-3.551227240958e+01
-2.529893768251e-02
-4.518311159638e+01
-6.386593973089e-01
-2.378773362743e-05
1.950349717797e+00
-5.084350608831e-05
-1.666959956104e-04
2.487516136189e-04
-2.276402587624e+00
1.752580180591e-04
-1.473023374218e+00
-5.813309241577e+00
-1.848625741589e-03
-3.415696006926e+00
5.384331512747e-01
7.145485256389e-05
4.938110561940e-01
2.006007891999e-04
8.805742953389e-05
-1.535899259034e-04
-2.050993906189e+00
9.894682357229e-05
-1.796597516829e+00
-4.676591968651e+00
1.340622863162e-02
-4.063283141629e+00
3.173957396909e-01
-4.202768319334e-05
1.765987398918e-01
-1.187052048558e-04
-4.742546555575e-05
3.785889008587e-05
-2.262126642034e+00
2.006607820112e-04
-1.500539327373e+00
-2.502883440662e+01
-3.559294735102e+01
-1.422665681860e+01
-4.395759175088e-01
-2.879947672697e-03
8.543845756609e-01
3.338999112017e-01
1.963704048306e-04
1.894282206521e-01
-1.266439628871e+00
1.789998215340e-01
-6.197416454055e-01
-3.360098665443e+00
-2.129701638177e+01
-3.945075039320e-01
-1.784615553222e-01
3.249593961455e-03
-5.065101351613e-02
4.478190474581e-02
-4.217308232034e-05
5.211252013248e-03
-1.330623583447e+00
-4.505294676849e-04
-4.549183623380e-01
-2.957508302730e+00
-2.043599186895e+01
-7.996352158006e-01
-3.419375933922e-01
9.670886626267e-05
-8.073606644289e-02
3.977214059863e-02
-4.778284714925e-05
1.080426074295e-02
-1.296753360832e+00
2.479657959912e-05
-2.478485520444e-01
-2.841836017183e+01
-3.534230486971e+01
-3.454291710595e+00
-6.066273010795e-01
6.574021995741e-02
8.464552494937e-01
3.790109690004e-01
1.011388108384e-04
4.584785333388e-02
-1.258962808493e+00
1.656079932884e-01
-4.449394102035e-01
-3.225051760454e+00
-2.109708853638e+01
8.625658203347e-01
-7.008099295493e-01
2.649543313243e-03
5.228140538493e-02
4.299400018559e-02
8.358101033783e-05
-1.152952451389e-02
-1.214390173940e+00
-1.501496996015e-03
7.401661858930e-02
-3.175972456215e+00
-2.049619202241e+01
-2.573968006799e-01
-8.190160044451e-01
-1.663843331586e-03
1.519129348490e-01
4.274648736171e-02
5.325157418364e-06
3.273793321460e-03
-1.064517216749e+00
1.340078230901e-03
2.295715962445e-01
-2.859628277133e+01
-3.665178378805e+01
7.118485599769e+00
-7.635979294313e-01
1.257684808266e-01
1.001680497433e+00
3.812000929153e-01
-8.357813055768e-04
-9.520582989647e-02
-1.189480251550e+00
1.336817821738e-01
-3.320669356241e-01
-2.430971644649e+00
-2.215071572401e+01
2.771993392485e+00
-1.044594507334e+00
3.236965354800e-03
5.258724977666e-01
3.245662191551e-02
-4.215802146709e-04
-3.631281748885e-02
-8.131955513250e-01
-4.427524532576e-03
3.805019643935e-01
-1.568503654506e+00
-2.005017947152e+01
3.037272784050e+00
-9.634688050327e-01
2.962743077419e-03
6.406548728440e-01
2.143577393523e-02
4.924566470381e-04
-4.028713389944e-02
-5.519364624929e-01
-5.718272351995e-03
3.854062866645e-01
-2.016374178763e+01
-3.227848792398e+01
1.760008087647e+01
-6.514445145785e-01
1.537778348344e-01
1.024316107396e+00
2.686898773514e-01
-3.113054801987e-04
-2.346525757002e-01
-8.875209441108e-01
6.109007344113e-02
-3.026004278090e-01
-2.355669167267e+00
-1.869167202377e+01
1.929612039743e+00
-7.978974129567e-01
-8.295844795277e-04
9.064216462586e-01
3.131536653671e-02
-3.640175970005e-04
-2.561491484248e-02
-2.027089929724e-01
1.075286833310e-03
2.503255792490e-01
-8.370900344803e+00
-2.146552400948e+01
-1.573396269669e+00
-7.864335885171e-01
-4.338773676879e-03
1.193183006313e+00
1.118581275351e-01
1.080838206311e-03
2.095132752143e-02
-5.350894639463e-02
2.598168833036e-02
1.857345342422e-01
-2.660129928470e+01
-5.071715299621e+01
2.853428565894e+01
-9.275488883473e-01
2.360932758525e-01
1.897989692566e+00
3.517521617370e-01
1.709387386721e-03
-3.810296643601e-01
-1.186077828571e+00
3.505664947352e-02
-6.206434092099e-01
8.970187783058e+00
-3.259823978879e+01
7.816776634171e+00
-7.330645685601e-01
-1.005186664071e-02
1.997242890803e+00
-1.174760376516e-01
-6.153025050039e-04
-1.018919239916e-01
-5.961853384953e-02
-3.970601608672e-02
-3.081832881489e-01
2.062551242877e+01
-1.453365526880e+01
5.820492081217e+00
-2.018700581833e-01
-2.185109715040e-02
9.299006218955e-01
-2.712131460332e-01
-8.716131405178e-04
-8.978199168388e-02
7.859282675462e-02
-7.263306592281e-02
-2.229941213364e-01
3.737873318112e+00
-3.677729967125e+00
5.276677077625e+00
-1.197066644017e-02
1.616609543780e-02
9.980944912236e-02
-5.225730650819e-02
6.012392633633e-03
-7.007520475497e-02
-9.418091044144e-03
-2.018782251574e-02
-3.473933552066e-02
-3.100596501652e+01
-1.059357830937e+01
4.112710507507e+00
2.244177381711e-01
5.002273692463e-02
6.052330488505e-01
4.182701218720e-01
7.321249891227e-03
-6.030884345671e-02
2.128891007599e-01
8.733318817723e-02
-3.981278144424e-01
-3.737467913097e+01
-5.336343870560e+01
1.135496899304e+01
1.940327167115e-01
7.531772541919e-02
2.777212716811e+00
4.523993509233e-01
-2.584238386164e-02
-1.441027132657e-01
-7.706582494591e-01
1.038914014238e-01
-2.079748318769e+00
4.258722474169e+01
-8.114680583470e+01
4.818813817098e+01
-7.428965312663e-01
1.950874352573e-01
2.871218614729e+00
-5.606254250632e-01
-3.888728825583e-02
-6.448163137138e-01
-2.157408826731e+00
-3.250221075909e-01
-1.992778114455e+00
2.364606098039e+01
-2.556184753282e+01
-5.816079560850e+00
5.154538945739e-01
-6.174091842829e-02
9.437521346237e-01
-3.102943766054e-01
-2.688023469888e-03
7.318487983025e-02
-5.149637830353e-01
-4.977622152015e-02
-1.253673176694e+00
4.841432902554e+00
-1.354291380491e+01
-4.323312421937e-01
3.213211075138e-01
-1.262110215498e-02
3.380000624691e-01
-6.363182704602e-02
4.753927032474e-03
3.421363116535e-03
-4.034400678771e-01
-7.594402410603e-03
-6.710920082466e-01
1.067681767019e+01
-2.646338707228e+01
2.144286192303e+01
-2.622462771420e-01
7.200780931572e-02
7.126399626786e-01
-1.432123794572e-01
5.229996547045e-03
-2.858542917618e-01
-8.206373554391e-01
-1.243616185640e-01
-4.836201094203e-01
-1.075401246907e+00
-2.039998723621e+01
5.669293961152e+00
2.477613334142e-01
1.544569210754e-02
2.419052922737e-01
1.309125073271e-02
1.612899363250e-04
-7.413175207875e-02
-9.944806808378e-01
4.490290509324e-03
-8.542709174000e-01
1.883774369920e+00
-2.291287012062e+01
3.045261029350e+00
1.570206045276e-01
4.351680707988e-03
1.243378253116e-01
-2.544312616351e-02
-1.371285317664e-03
-3.996720227361e-02
-1.262919057743e+00
7.768440182234e-04
-8.378522173699e-01
2.711538550415e+01
-3.778860701842e+01
1.286214128778e+01
-4.604991372293e-01
-3.965575731763e-03
8.970478582246e-01
-3.613270407131e-01
-9.975145879632e-04
-1.715771058557e-01
-1.362544553768e+00
-1.867790715272e-01
-6.747043538458e-01
3.747583171204e+00
-2.123315654087e+01
-6.184084719343e-01
-1.732192606767e-01
-6.595622857006e-03
-6.033241643136e-02
-4.980891093336e-02
-1.566747399949e-04
7.818424231201e-03
-1.329230586105e+00
1.049983314555e-03
-4.538720239430e-01
2.943383292598e+00
-2.013740910437e+01
6.500173622724e-01
-3.370766027474e-01
-2.355872704094e-04
-7.831297262099e-02
-3.934076165081e-02
3.460600348819e-04
-9.039506737635e-03
-1.276302024678e+00
3.027826719676e-04
-2.443862309797e-01
2.793836862135e+01
-3.467492244551e+01
3.335469912130e+00
-5.931266003937e-01
-6.413923015676e-02
8.273338259905e-01
-3.724197972741e-01
7.041073858974e-04
-4.426602949671e-02
-1.234747506489e+00
-1.622063902383e-01
-4.342182262181e-01
3.234898090525e+00
-2.100042719622e+01
-2.594741444786e-01
-6.981728580067e-01
-5.751994082561e-04
5.046189451845e-02
-4.307192194984e-02
4.494701197290e-05
3.622860975306e-03
-1.209132260588e+00
6.897719214635e-04
7.666645077161e-02
3.114529243387e+00
-2.080345735598e+01
-1.680809388462e-01
-8.282928739608e-01
8.661919900038e-04
1.631330358176e-01
-4.164323955005e-02
-1.211172245576e-04
2.277764926015e-03
-1.080300043574e+00
-3.537488215662e-04
2.231813445927e-01
2.741226744534e+01
-3.546833126685e+01
-8.180708241273e+00
-7.362842619279e-01
-1.246908357071e-01
9.638492391652e-01
-3.653533528123e-01
8.824996728815e-05
1.092202489864e-01
-1.149422976602e+00
-1.263579444957e-01
-3.188487936217e-01
2.712885062344e+00
-2.107753469225e+01
-1.929418516121e+00
-9.985777212089e-01
-1.319390378106e-03
4.947186778944e-01
-3.613810215777e-02
-1.035287260963e-05
2.571762411605e-02
-7.686991196240e-01
2.099520072042e-03
3.747248097032e-01
2.750012648978e+00
-2.059990520463e+01
-1.424786505673e+00
-9.894307895576e-01
4.395767769718e-04
6.617800645855e-01
-3.683723584345e-02
2.412087115621e-05
1.905652236175e-02
-5.674036296665e-01
-3.830722256690e-04
3.919016552466e-01
2.224633960919e+01
-3.528139188751e+01
-1.783957556977e+01
-7.349670863063e-01
-1.627509265251e-01
1.132212509609e+00
-2.964199166455e-01
1.540871901903e-04
2.380109323761e-01
-9.693505511781e-01
-6.929351274105e-02
-3.137496738883e-01
1.832035582658e+00
-2.108224067127e+01
-2.768722159605e+00
-8.942021166363e-01
-3.875928945904e-04
1.020772040277e+00
-2.437593698103e-02
-3.796073150889e-05
3.691397481152e-02
-2.437507370796e-01
2.187329361379e-03
2.697413368057e-01
2.017891016577e+00
-2.061636366952e+01
-2.364425767580e+00
-7.544256240375e-01
2.315298946053e-04
1.137319872465e+00
-2.704319223933e-02
2.605460114620e-05
3.166938696095e-02
-9.256805988374e-02
-5.718854524472e-04
1.566609273225e-01
1.380075393935e+01
-3.536337407305e+01
-2.504094670670e+01
-6.170635784389e-01
-1.773506856538e-01
1.260048487098e+00
-1.837613970349e-01
1.214782285843e-04
3.339646053171e-01
-8.466529715108e-01
-1.787786630424e-03
-4.344995831552e-01
5.739660400923e-01
-2.110919861495e+01
-3.290848426451e+00
-4.498293139845e-01
4.932117035932e-04
1.320073030168e+00
-7.617964709759e-03
-6.789025170183e-05
4.384730876174e-02
5.350688768287e-02
2.426997538356e-03
-1.758071906992e-01
9.520188563057e-01
-2.057339910700e+01
-2.958228473749e+00
-2.506876459445e-01
-2.270906711684e-06
1.303990186373e+00
-1.278644514010e-02
5.264108277284e-05
3.964778572809e-02
7.744984813340e-02
-5.622511246250e-04
-3.451638825009e-01
3.264707376746e+00
-3.539016035219e+01
-2.845217819956e+01
-4.446463385325e-01
-1.648912392280e-01
1.263855095937e+00
-4.322687534480e-02
1.712804960797e-04
3.793494135386e-01
-8.442360257109e-01
6.611720490123e-02
-6.077866300576e-01
-7.583049640647e-01
-2.113331247850e+01
-3.263739583450e+00
7.553147803649e-02
1.450745397925e-03
1.217116013269e+00
1.014286981706e-02
-7.945432155202e-05
4.346371311251e-02
-5.136825718841e-02
2.181871830396e-03
-7.022965140481e-01
-2.480288540950e-01
-2.054533584145e+01
-3.096376167856e+00
2.243765591110e-01
-2.163991057107e-04
1.066905163278e+00
3.298261793980e-03
4.860104765166e-05
4.152846279160e-02
-1.573245340817e-01
-4.965593579210e-04
-8.188434003124e-01
-7.802309969378e+00
-3.544410345441e+01
-2.761214935274e+01
-3.214153581316e-01
-1.274781305060e-01
1.145864089275e+00
1.043359538047e-01
2.294496515676e-04
3.680328975868e-01
-9.653411047853e-01
1.243110242566e-01
-7.327804784980e-01
-1.988001281668e+00
-2.116924162753e+01
-2.709264407278e+00
3.736986295314e-01
2.319261744290e-03
7.729357195345e-01
2.653378912585e-02
-7.660520160631e-05
3.605157037889e-02
-4.981515902329e-01
1.588766208681e-03
-1.002004429556e+00
-1.423802103260e+00
-2.051262823487e+01
-2.752002777582e+00
3.934966001737e-01
-3.313093502596e-04
5.636240967245e-01
1.908320079965e-02
2.031982239229e-05
3.694645280895e-02
-6.580794540194e-01
-3.051156001218e-04
-9.864843904996e-01
-1.773137864637e+01
-3.546508750165e+01
-2.258450100359e+01
-3.188063450931e-01
-7.048524984659e-02
9.746258003476e-01
2.366728648936e-01
2.840948640123e-04
3.009080241766e-01
-1.137750035868e+00
1.637982651147e-01
-7.360793925137e-01
-2.888462602854e+00
-2.118828958676e+01
-1.718284750152e+00
2.691375804640e-01
2.874272039162e-03
2.469518784344e-01
3.854002603970e-02
-4.023820922333e-05
2.282064964307e-02
-1.025524316654e+00
6.610880707559e-04
-8.983956014525e-01
-2.339583701449e+00
-2.049154425902e+01
-2.026860756438e+00
1.586588131769e-01
-5.332426134309e-04
8.843581543797e-02
3.143443292508e-02
-3.237581657694e-05
2.722934611110e-02
-1.131310538202e+00
-1.012764321790e-04
-7.504549024211e-01
8.755047780234e+00
2.378230103292e+01
3.865540174084e+00
-7.407956847552e-01
1.483023528059e-04
1.398658737245e+00
1.167299867822e-01
-4.411985347092e-05
5.198270925487e-02
-1.129101459123e-02
6.908630970759e-02
-9.601068323639e-03
1.142950854038e+00
1.763212411734e+01
9.428367574758e-01
-5.553103288108e-01
1.136026053037e-04
1.032062530300e+00
1.528824149275e-02
-1.178548204897e-04
1.252617905616e-02
-1.211934134542e-02
8.303796033141e-03
-1.646637653345e-02
1.303189321764e+01
7.886575980392e+00
6.557994577135e+00
-2.357552586338e-01
-1.367539877539e-04
4.756625757695e-01
1.741473430124e-01
-1.852030096962e-05
8.809903998266e-02
1.334602341101e-02
1.009325755162e-01
1.325340655779e-02
1.751181391556e+01
-7.296521540425e-03
7.787748430119e+00
-1.481760055492e+00
-3.188201139383e-05
2.797035200780e+00
-2.843589920221e-05
-1.376022622808e-05
-1.915552740022e-04
-2.265620200571e-02
1.996900309806e-05
-1.903368376008e-02
2.289444185067e+00
-6.962880648420e-03
1.896369091283e+00
-1.110285577119e+00
7.294980959928e-05
2.063514613259e+00
-2.058094460944e-05
6.639186502624e-05
-2.106940317548e-06
-2.416856396835e-02
-2.684214472060e-05
-3.271114820094e-02
2.602040437266e+01
7.555877195882e-03
1.307322581747e+01
-4.714822955408e-01
2.251925876096e-05
9.511581030759e-01
-2.280956935807e-05
8.157686531148e-06
-1.480974847348e-05
2.666343263865e-02
-1.623739024698e-05
2.646676027641e-02
1.750497753069e+01
-9.713891317659e-03
7.783734262889e+00
-1.481380268387e+00
-6.571985907119e-05
2.796375021697e+00
-4.345767838115e-05
-1.189694562848e-05
1.490076649971e-04
-2.262628372468e-02
-8.557021641029e-05
-1.901385153953e-02
2.285888811557e+00
1.616465091189e-03
1.893737966638e+00
-1.110174859049e+00
-1.436733136430e-04
2.063276359283e+00
-1.975689886846e-05
6.457365814335e-05
-2.185069518673e-05
-2.417737028288e-02
-4.531622131460e-06
-3.271651692962e-02
2.601031660752e+01
3.609581991910e-04
1.306704435769e+01
-4.714908473560e-01
-6.610766967562e-05
9.511135788864e-01
7.180700575482e-06
7.454602949874e-06
9.139689961108e-06
2.664562244506e-02
4.389028204432e-06
2.645592308193e-02
8.748481076711e+00
-2.377357226647e+01
3.865684916451e+00
-7.403551296263e-01
-2.318133693757e-04
1.397893887565e+00
-1.166320063439e-01
6.705950913737e-05
-5.192504156132e-02
-1.123921499780e-02
-6.904193485647e-02
-9.554761242293e-03
1.137993252870e+00
-1.762893636973e+01
9.420253416827e-01
-5.551805350813e-01
-1.698188130668e-04
1.031780891043e+00
-1.523448402115e-02
-8.113296491809e-05
-1.249138919612e-02
-1.212508860073e-02
-8.282612867908e-03
-1.646517507892e-02
1.301714552377e+01
-7.878460400048e+00
6.550344731053e+00
-2.357667356056e-01
1.268881562264e-04
4.756082324432e-01
-1.741253083251e-01
-1.225302263864e-05
-8.809234106526e-02
1.332141044849e-02
-1.009264000681e-01
1.324892736312e-02
9.354444006531e+00
2.374924778885e+01
1.896353973865e-01
-1.432492602638e-01
2.598033728140e-02
1.451947047563e+00
1.250523711483e-01
-3.451339933250e-05
3.028480302038e-03
4.364559918840e-02
6.274402220521e-02
-6.063506150032e-01
1.408347237456e+00
1.775381721868e+01
4.294467351361e-01
-1.175836493496e-01
3.176876270770e-03
1.080445360098e+00
1.884880088167e-02
-2.377390458425e-04
5.692584976996e-03
2.761162211121e-02
7.595820894283e-03
-4.593200949852e-01
1.465700185197e+01
7.924867547496e+00
1.083622792806e+00
-2.621398225179e-02
3.866490024675e-02
4.941882853916e-01
1.958120822161e-01
-5.594018130625e-05
1.489723122342e-02
3.059782792427e-02
9.371915428492e-02
-1.970332912551e-01
1.878771433640e+01
-7.280309155199e-03
4.477303604794e-01
-2.867081837805e-01
-1.689252423152e-04
2.904118557747e+00
1.551813025144e-04
-2.193716643985e-05
-1.331467755304e-04
8.765351371781e-02
2.990152638607e-04
-1.212523456980e+00
2.831144093593e+00
-2.184137202046e-02
8.723942253947e-01
-2.348972405316e-01
-4.926975338280e-05
2.159376732618e+00
-2.384902867814e-05
1.042927603358e-04
1.513320391466e-05
5.554401111670e-02
-5.974980207268e-06
-9.177516834464e-01
2.921979329253e+01
6.901857729572e-03
2.142084461430e+00
-5.251714720807e-02
-3.589865520366e-05
9.879048286402e-01
-1.065623579789e-04
1.862166175661e-05
-4.576518606060e-06
6.108886061275e-02
-7.496197909207e-05
-3.939092341209e-01
1.881897525154e+01
-9.670360142231e-03
4.510366631381e-01
-2.865926382075e-01
-2.524596538852e-04
2.903738763959e+00
1.750878739852e-04
-6.426022961211e-06
1.638385318066e-04
8.795331945625e-02
1.355408106610e-04
-1.212328495324e+00
2.827063393809e+00
-7.856034254024e-03
8.699520295682e-01
-2.347750832342e-01
-2.356981699355e-04
2.158091960013e+00
-1.718797301603e-05
9.193765957000e-05
-2.286424021836e-05
5.571167368301e-02
1.072009807538e-04
-9.171778630502e-01
2.915881420778e+01
-5.258778622824e-04
2.133014821748e+00
-5.263582717103e-02
-4.576908004054e-05
9.874817690750e-01
-5.400264995015e-05
2.977707480816e-06
-2.155423491620e-06
6.099618607857e-02
-4.820463778976e-06
-3.937655314505e-01
9.405417734927e+00
-2.374737589591e+01
2.092866272772e-01
-1.431039060628e-01
-2.636141019605e-02
1.451560510457e+00
-1.255114259955e-01
6.157036861976e-05
-3.072415542099e-03
4.400684595544e-02
-6.273674326072e-02
-6.060996182311e-01
1.409913921014e+00
-1.773614193464e+01
4.366217081899e-01
-1.174229144532e-01
-3.353709972517e-03
1.078932898830e+00
-1.880196787753e-02
-3.802324261711e-05
-5.675329189001e-03
2.783539277474e-02
-7.500202319849e-03
-4.586162337029e-01
1.458224046026e+01
-7.892505709599e+00
1.074482579677e+00
-2.635736959295e-02
-3.858593118680e-02
4.936713978907e-01
-1.955890784670e-01
1.735788684311e-05
-1.489305315323e-02
3.050188623116e-02
-9.365204480210e-02
-1.968215055788e-01
9.523341487116e+00
2.403382613126e+01
-3.646888571486e+00
3.217729179799e-01
5.115087539632e-02
1.081902994752e+00
1.271889074805e-01
-5.886243646536e-05
-4.818500864963e-02
-3.426946395878e-01
5.155463673896e-02
-1.080366361507e+00
1.549385815322e+00
1.741431165585e+01
-1.734617429421e-01
2.248734279464e-01
6.033332786018e-03
7.813338628811e-01
2.063527814579e-02
-7.688312768563e-05
-2.344514294900e-03
-2.462048978056e-01
6.197872381105e-03
-7.876824827581e-01
1.375105739953e+01
7.856747846440e+00
-4.537721097902e+00
1.313307942411e-01
7.078808615468e-02
3.537211037911e-01
1.837183907185e-01
-1.544913351682e-05
-6.027510950645e-02
-1.075590095958e-01
7.087826028382e-02
-3.533055977551e-01
1.908435526106e+01
-3.484092516219e-03
-7.237701876774e+00
6.434314326422e-01
-4.098681503240e-04
2.164039559182e+00
3.446645499949e-05
4.157521270024e-05
-1.553441809367e-04
-6.849275832104e-01
6.123736472730e-04
-2.160663112073e+00
3.105589960586e+00
-1.132101798224e-02
-3.351718602512e-01
4.495313644113e-01
-1.708387653196e-04
1.562393439581e+00
3.210854784597e-05
-4.168467975558e-05
4.973045256464e-05
-4.920270301169e-01
1.576013832865e-04
-1.574852778341e+00
2.737911385790e+01
7.181802709176e-03
-9.062705712727e+00
2.623207690841e-01
6.555688597502e-05
7.071420662297e-01
-4.661636782577e-05
-2.137853324152e-05
4.830490036276e-05
-2.149433293387e-01
-1.713684357182e-05
-7.064715907940e-01
1.914310479911e+01
4.867520952716e-03
-7.257014676502e+00
6.437967030496e-01
-2.242863187739e-04
2.164367310428e+00
5.777000151990e-04
7.766172263971e-05
-5.613920671646e-05
-6.845574744255e-01
7.060630533871e-04
-2.161230927381e+00
3.105858435627e+00
-2.396310428894e-02
-3.385009173129e-01
4.491619695930e-01
-2.745482757409e-04
1.561312548922e+00
-8.460574060620e-06
-7.038451630231e-05
-5.722247758508e-05
-4.913317392278e-01
3.510355034041e-04
-1.573840401149e+00
2.726584610899e+01
-8.848549092751e-03
-9.034348507914e+00
2.619145783069e-01
-7.639461818839e-05
7.066755799786e-01
-1.718790399029e-04
-5.795112852079e-05
4.436063002337e-05
-2.147386632282e-01
1.436562594423e-05
-7.060357610381e-01
9.616977185367e+00
-2.404586263765e+01
-3.652423958881e+00
3.222167405241e-01
-5.191608253614e-02
1.082401250927e+00
-1.280392226371e-01
-1.008785816164e-04
4.847682702179e-02
-3.423200889885e-01
-5.119986509074e-02
-1.081031497720e+00
1.567295455893e+00
-1.739411668069e+01
-1.657992648036e-01
2.244827918207e-01
-6.326932185142e-03
7.800438880708e-01
-2.068472016339e-02
1.689400953680e-04
2.373247965187e-03
-2.453461036282e-01
-5.916345078571e-03
-7.864426313993e-01
1.362100401335e+01
-7.797088644119e+00
-4.503212276599e+00
1.308379858132e-01
-7.050844191660e-02
3.531387066041e-01
-1.834166376337e-01
1.146318156574e-04
6.013621676244e-02
-1.072635794738e-01
-7.079799506574e-02
-3.527105455052e-01
4.778711059135e+00
2.308331563920e+01
-4.891517416096e+00
3.609678482538e-01
4.991906975138e-02
4.604314621061e-01
6.551046356601e-02
5.283954683880e-04
-6.581562802705e-02
-9.090143506748e-01
2.091528435125e-02
-1.089863895718e+00
1.140295476427e+00
1.894536229653e+01
-5.389199669199e-01
2.663673676063e-01
6.573137642536e-03
3.920142563497e-01
1.554173495727e-02
-1.210809471419e-03
-7.554018237666e-03
-7.486274112856e-01
2.814209067887e-03
-8.933398521140e-01
1.181049897003e+01
8.208419372527e+00
-1.015127140629e+01
1.629787979132e-01
9.771012049405e-02
1.462207434636e-01
1.575909843943e-01
-3.513845799146e-04
-1.348375907430e-01
-3.266956493215e-01
4.056288771939e-02
-3.912884214397e-01
1.007747223274e+01
5.906228852880e-02
-1.008224277343e+01
7.247925427735e-01
1.601390296758e-03
9.222289125509e-01
1.937344451076e-03
-1.987240655451e-04
-1.622589704671e-03
-1.821159492090e+00
1.310959665144e-03
-2.185294806186e+00
2.381638269370e+00
-1.292561342309e-01
-1.130381869151e+00
5.328015215713e-01
5.915145592736e-05
7.796642896521e-01
2.415559918311e-04
5.437353466673e-04
-7.271830811173e-06
-1.490569312244e+00
1.369258435941e-04
-1.780227819405e+00
2.344429286313e+01
-3.412322657649e-02
-2.018164342773e+01
3.247244253124e-01
-5.120811745708e-04
2.922700117573e-01
-4.592185021464e-04
1.600123629298e-04
4.677074343675e-04
-6.519167616731e-01
-1.728814682085e-04
-7.804106273482e-01
1.036508536705e+01
2.875107095889e-02
-1.030179194509e+01
7.275772115977e-01
5.121835683715e-04
9.230978935510e-01
1.093108133993e-03
-1.430448906272e-04
-7.188006416405e-04
-1.823951891158e+00
9.473006344260e-04
-2.190638803831e+00
2.386976572762e+00
-4.520607956793e-02
-1.140630984249e+00
5.325202574509e-01
-1.124764260439e-04
7.760824021522e-01
-1.409247659510e-04
5.041922357005e-04
-8.217456003967e-05
-1.485072037721e+00
4.284690036004e-04
-1.774837977490e+00
2.327220953285e+01
-3.132263755805e-02
-2.005529913241e+01
3.233217601299e-01
-3.439812432334e-04
2.921065936083e-01
-2.936634148408e-04
8.659671758932e-05
1.401420618862e-04
-6.507380727324e-01
1.046321316306e-04
-7.786435658864e-01
5.204331199600e+00
-2.317628577709e+01
-5.163653382350e+00
3.642399582911e-01
-5.175973182329e-02
4.616078905155e-01
-6.969660956246e-02
-1.359995955653e-04
6.904385097117e-02
-9.123969883404e-01
-2.096951502297e-02
-1.096124865790e+00
1.197130463435e+00
-1.883830337331e+01
-5.573802705354e-01
2.661856695908e-01
-6.717790652442e-03
3.877841171012e-01
-1.570166096844e-02
-7.729696897426e-05
7.708788512697e-03
-7.421172212107e-01
-2.561284042369e-03
-8.869711706463e-01
1.162546887590e+01
-8.127224472273e+00
-1.000588514835e+01
1.615040538467e-01
-9.724499368109e-02
1.460492274460e-01
-1.565578077598e-01
3.069856493455e-05
1.339872706100e-01
-3.251840253051e-01
-4.042747406334e-02
-3.891051251484e-01
9.176136419830e+00
2.700234656203e+01
-1.836962047777e+01
2.358790804486e-03
1.281157235892e-01
-1.257666690599e-02
1.185572498986e-01
-1.072678040691e-03
-2.396264636360e-01
-1.590507575362e+00
8.705209345528e-04
-8.445233963713e-01
1.303055794017e+00
1.367846177358e+01
-1.883057500315e+00
2.274418506603e-02
1.207415061147e-02
-5.558269560202e-02
1.631573625828e-02
3.579983838764e-03
-2.401275486491e-02
-8.057808503272e-01
1.685712780228e-04
-4.311680690150e-01
5.208252796275e+00
6.891982065276e+00
-1.040621454306e+01
-1.689137781373e-03
8.531949071061e-02
1.678251262095e-02
7.108132604709e-02
1.132820045038e-03
-1.420686347612e-01
-4.144713253528e-01
1.905921569848e-04
-2.041104737270e-01
1.723759342103e+01
-3.838326034623e-02
-3.494577665295e+01
-3.826028698951e-04
-6.443008073616e-03
-1.640903015410e-02
-4.391963443464e-03
9.222971478850e-04
7.587810077333e-03
-3.164081094776e+00
1.932458657211e-03
-1.680172153454e+00
2.431476108409e+00
4.245981940268e-01
-3.536746577754e+00
4.146839863738e-02
1.614642224118e-04
-1.046647687656e-01
3.518339976500e-04
-1.402096812067e-03
7.723907145446e-05
-1.637425193191e+00
2.051464757094e-04
-8.776217575586e-01
1.050779220164e+01
7.923521978758e-02
-2.108432086137e+01
-3.465545688435e-03
1.158781367927e-03
2.993906003068e-02
1.311125921056e-03
-5.370681221503e-04
-1.919760054378e-03
-8.369744892543e-01
-2.674084708362e-04
-4.126225460174e-01
1.663372828328e+01
8.453586064470e-02
-3.396541538091e+01
-5.044085760293e-03
-2.328944464845e-03
-8.752386597047e-03
-2.089474403687e-03
7.614916651939e-04
2.978183730489e-03
-3.154777841925e+00
1.647506512360e-03
-1.674245777895e+00
2.465723507867e+00
1.855997940200e-01
-3.572478324814e+00
3.831888446387e-02
4.404282668230e-04
-9.968788644923e-02
-5.372735857354e-05
-1.343077589029e-03
-4.421644854689e-04
-1.661736596482e+00
6.748294156888e-04
-8.921723513437e-01
1.069585822799e+01
4.582793747689e-03
-2.140491665213e+01
-1.896230056920e-03
4.249289983404e-04
2.690965287308e-02
2.006156423386e-04
-3.724114846206e-04
-6.991689948908e-04
-8.432211568972e-01
1.989509607170e-04
-4.160519717375e-01
8.164817879421e+00
-2.675830418538e+01
-1.693751222077e+01
-4.092326935974e-03
-1.227253815839e-01
-2.878450528163e-03
-1.095197197756e-01
-9.758277519511e-04
2.249778515414e-01
-1.579130035966e+00
6.998369843642e-04
-8.372175204570e-01
1.246616773203e+00
-1.403475640254e+01
-1.840207753335e+00
1.863702667851e-02
-1.206698035258e-02
-4.946675532952e-02
-1.670337007676e-02
-3.821046173934e-04
2.445545786150e-02
-8.342662114831e-01
1.952371219495e-04
-4.481861817171e-01
5.424188109312e+00
-7.032659868193e+00
-1.080273453439e+01
-4.025716418871e-04
-8.698658748530e-02
1.320441712462e-02
-7.315716592272e-02
4.851347763721e-05
1.456830013151e-01
-4.221109423072e-01
-1.412293357717e-04
-2.082709708198e-01
-3.724265789557e+00
1.362486844725e+01
2.349723960857e+01
-3.169856163525e-01
-1.090641812297e-01
-2.278136551537e-01
-5.302648376860e-02
1.724772504424e-04
3.092949912370e-01
-8.890371014831e-01
4.284540919411e-02
-5.016452022658e-03
-8.454131145139e-01
4.451227103288e+01
5.451859592054e+00
-1.243285490085e+00
-2.876983190462e-02
4.167340193973e-01
-7.244817421144e-03
-1.359030792199e-02
6.132500575674e-02
-2.565630303471e+00
7.619733671840e-03
-6.527082555545e-01
4.201339774860e+00
1.372594470374e+01
-3.290574753168e+01
-3.169373604916e-01
1.838464958290e-01
-2.782283120234e-01
5.869611559106e-02
-4.019461823636e-03
-4.324836589558e-01
-8.920077391897e-01
-7.485905504373e-02
7.299432529381e-03
-6.938050001252e+00
-8.291274402108e-02
4.387663349319e+01
-6.317924348951e-01
5.562994069857e-03
-4.464266517406e-01
1.661584650229e-03
-8.151899504064e-04
-9.098961494315e-03
-1.762130575964e+00
-5.676320308275e-03
-6.590168455379e-03
-1.249220803185e+00
-1.150937719629e+00
9.992257756090e+00
-2.436513774065e+00
-1.242011107475e-03
8.161117390661e-01
-7.474395756872e-04
1.058603772527e-02
1.910330292172e-03
-5.036487795838e+00
-5.904117077539e-03
-1.264072344647e+00
8.691797306583e+00
-4.675965300582e-02
-6.572134518499e+01
-6.205951649334e-01
-7.137309465982e-04
-5.401758331747e-01
-1.705595290457e-03
2.867765016612e-03
6.715272689215e-03
-1.759203295777e+00
1.456265080593e-03
1.625028995622e-02
-6.811007413426e+00
-2.299729376071e-01
4.328561852457e+01
-6.250598986960e-01
-2.507320409608e-03
-4.515821051407e-01
-2.617675246053e-04
-4.958937978303e-04
3.270087250845e-03
-1.744614318183e+00
-2.293448070485e-03
2.079987981396e-04
-1.305836579353e+00
5.338478636929e-01
1.033962096825e+01
-2.423289568532e+00
-4.656439203752e-03
8.197677010934e-01
-1.143319744261e-04
8.116342945243e-03
1.696372698265e-03
-5.012899369370e+00
-3.288548147582e-03
-1.251003798033e+00
8.715859226088e+00
1.835737124147e-01
-6.601471135575e+01
-6.192010813065e-01
-1.072502812501e-03
-5.364411219988e-01
4.885681417481e-04
2.366637762288e-03
-4.281883821772e-03
-1.754179254503e+00
-2.628264717193e-03
1.818157143476e-02
-3.488781102258e+00
-1.326063903534e+01
2.242851985739e+01
-3.100237588817e-01
1.048690910628e-01
-2.313843264875e-01
5.099741299231e-02
1.899107663120e-03
-3.007708225040e-01
-8.682387596482e-01
-4.493071466837e-02
2.437814366721e-03
-8.198166163302e-01
-4.410915018226e+01
5.646116057039e+00
-1.224448218177e+00
2.846928827059e-02
4.186141111541e-01
8.213934841154e-03
-7.844737787938e-03
-6.596009284905e-02
-2.532912920664e+00
-1.390104368750e-02
-6.349400162276e-01
4.179715755469e+00
-1.383437384627e+01
-3.305761503397e+01
-3.149062873647e-01
-1.830201007880e-01
-2.733268064475e-01
-5.696067926167e-02
-2.719661327184e-03
4.289218402800e-01
-8.848775399538e-01
7.416182157175e-02
9.555479550390e-03
-1.114869135937e+01
3.508887399069e+01
-3.826925133270e+01
-1.590592311881e+00
1.720091847405e-01
4.644637181474e-01
-1.459553920914e-01
-3.587673518164e-03
-4.946827299759e-01
-1.584191591020e+00
-1.673488240609e-01
4.715125856886e-01
-1.048350093395e+00
7.777953910759e+00
-4.050707334881e+00
-4.033352952235e-01
1.602818429367e-02
4.393491149893e-04
-1.371301090145e-02
4.280736897023e-03
-5.458932053153e-02
-3.276372235392e-01
-1.526713876921e-02
2.363812766266e-01
-2.522708704046e+00
5.598317817729e+00
-7.418090125692e+00
-2.122966180006e-01
4.109188923320e-02
1.289701675543e-01
-3.441102817727e-02
1.237819291534e-03
-9.644979431053e-02
-2.498126076540e-01
-4.301921012396e-02
3.919705769511e-02
-2.151134431113e+01
-2.564202772365e-01
-7.255432999888e+01
-3.143186960200e+00
-4.531662973029e-03
9.379214853940e-01
2.943454446534e-03
2.305754588776e-03
1.315144961064e-02
-3.137124909299e+00
9.905399071250e-03
9.178516547846e-01
-2.016958680567e+00
3.262178888303e-01
-7.773586878158e+00
-8.237644533227e-01
1.015229426242e-03
1.105270179300e-02
9.013054194343e-05
-3.384284966687e-03
1.595980720014e-04
-6.742624249168e-01
-1.488657503024e-04
4.742713749708e-01
-5.333868809489e+00
3.404261093760e-02
-1.544726978239e+01
-4.340562121584e-01
-1.914542091796e-04
2.565864953980e-01
-4.705564821538e-04
-8.689082555939e-04
-1.513572599448e-03
-5.049985501019e-01
-7.754586046840e-04
8.206716703866e-02
-2.144887557476e+01
6.122612338910e-02
-7.215618948807e+01
-3.134300691555e+00
4.356376418863e-03
9.376869699383e-01
-2.238800229807e-03
2.452316539491e-03
-8.712038310570e-03
-3.128511757418e+00
-4.938500503931e-03
9.142812439895e-01
-2.008301239844e+00
-2.486515557243e-01
-7.752142819655e+00
-8.256881416640e-01
-6.814370992541e-04
1.215806445669e-02
-1.878747626212e-05
-3.253636351762e-03
4.045101552330e-05
-6.765624182452e-01
3.960927943956e-04
4.740465910580e-01
-5.352757762197e+00
-8.999237817021e-02
-1.549210611659e+01
-4.348901782555e-01
-7.357271556194e-04
2.563944250379e-01
3.760580010204e-04
-8.578410387772e-04
1.121285819392e-03
-5.056285380581e-01
5.511873216169e-04
8.255285684074e-02
-1.108171337007e+01
-3.490092338202e+01
-3.763713985062e+01
-1.580078057704e+00
-1.693534341254e-01
4.649371688667e-01
1.449169410383e-01
-2.268902682662e-03
4.883069379238e-01
-1.574170072248e+00
1.671272550747e-01
4.664705038129e-01
-1.046227024551e+00
-7.810836684327e+00
-4.011718070526e+00
-4.058034010656e-01
-1.577282709636e-02
1.850528990971e-03
1.361567505419e-02
3.676996843437e-03
5.432255915214e-02
-3.304706233206e-01
1.518335751883e-02
2.361447626248e-01
-2.564430030888e+00
-5.640750847798e+00
-7.491672183288e+00
-2.135162705474e-01
-4.176636480172e-02
1.286669553663e-01
3.454872551403e-02
1.087943558866e-03
9.699124459717e-02
-2.505367089320e-01
4.315372313921e-02
3.976899438589e-02
-2.747687006136e+00
2.206387019909e+01
-2.077133408725e+00
-1.039242313950e+00
1.281146075451e-02
8.710159878712e-01
-3.754932058018e-02
3.122813153054e-04
-2.987218927241e-02
-4.419293962609e-01
-3.165618158057e-02
3.446112459085e-01
-3.546191457663e-01
2.057515772262e+01
-9.815033188901e-01
-9.619892852391e-01
1.966535120944e-03
8.156761249335e-01
-5.165868604525e-03
-1.370987403497e-03
-1.355919143441e-02
-4.417091264285e-01
-5.516389352637e-03
2.636597444818e-01
-1.074029268028e+01
8.495407888612e+00
-1.256136499872e+01
-4.132347653239e-01
4.338951636301e-02
3.349854531421e-01
-1.431091554972e-01
-3.761369007491e-04
-1.688202921007e-01
-1.460871506166e-01
-1.029084483264e-01
1.798906140394e-01
-5.761190182386e+00
1.029084792861e-02
-4.637631054106e+00
-2.081285914151e+00
6.301809962533e-04
1.743426650658e+00
-7.663256746974e-04
-3.228004766383e-04
-7.625601084196e-04
-8.845545382607e-01
-8.478260216707e-04
6.905074491545e-01
-7.602267633303e-01
-9.511685658423e-02
-2.071346415717e+00
-1.917639715706e+00
-8.304391897558e-05
1.624992412947e+00
4.204398195795e-05
1.147547688875e-03
1.965846644481e-05
-8.791555608155e-01
-3.424079079134e-05
5.276130824767e-01
-2.132698237871e+01
-7.336072345087e-03
-2.496669371420e+01
-8.238804161903e-01
2.822038412322e-04
6.692407745115e-01
2.920283205782e-04
2.904625914296e-04
3.771525526686e-04
-2.920013022382e-01
2.959188981805e-04
3.585304161123e-01
-5.724585640236e+00
-4.060613659018e-02
-4.598625066343e+00
-2.080106311133e+00
1.337290496990e-04
1.742386156037e+00
1.143546302361e-03
-3.347151359043e-04
1.172733669793e-03
-8.844083522381e-01
1.611327456629e-03
6.896950618034e-01
-7.563705596081e-01
1.015365136393e-01
-2.065111814459e+00
-1.917929740902e+00
5.564979118715e-04
1.625016217241e+00
1.896424124112e-05
1.185107269298e-03
3.415973303389e-05
-8.793310166846e-01
3.007475894485e-04
5.276067307940e-01
-2.129128517165e+01
5.669530872884e-03
-2.491323343396e+01
-8.242448140189e-01
2.515045732866e-05
6.692931903326e-01
-3.374516645697e-04
3.035508210621e-04
-4.480330887295e-04
-2.921178893067e-01
-3.053663666638e-04
3.585478250789e-01
-2.686386167932e+00
-2.204225966373e+01
-2.036048832418e+00
-1.037844172467e+00
-1.222736682471e-02
8.697671743866e-01
3.702485650606e-02
5.244131256687e-04
2.930060952284e-02
-4.417154077501e-01
3.160443398844e-02
3.437568241649e-01
-3.357981002799e-01
-2.057903407297e+01
-9.753907882413e-01
-9.623625241827e-01
-1.675524163907e-03
8.157789409722e-01
5.083204803073e-03
-1.442475473869e-03
1.347224997455e-02
-4.419942014762e-01
5.590973010484e-03
2.636573152757e-01
-1.070012643667e+01
-8.468328090908e+00
-1.251027071010e+01
-4.136507262698e-01
-4.335787315110e-02
3.350794632002e-01
1.431688179556e-01
-4.292774093964e-04
1.689268649529e-01
-1.462611866577e-01
1.029515478291e-01
1.799396841834e-01
-9.989021032479e+00
2.407390751296e+01
-4.614132573882e+00
-7.492250035129e-01
1.334322059052e-04
1.416927805462e+00
-1.325607710929e-01
-9.274467837130e-05
-6.158549645890e-02
-7.535227136606e-03
-7.678172102394e-02
-7.460006971402e-03
-1.194804859349e+00
1.700383742594e+01
-9.929386959762e-01
-5.341217926634e-01
9.301401256574e-05
9.972070691047e-01
-1.578394155375e-02
3.031260019611e-04
-1.314770800787e-02
-2.331217664985e-03
-8.520904644685e-03
-1.050745898348e-02
-1.273637235840e+01
7.790613333962e+00
-6.425949114421e+00
-2.303203557625e-01
-9.748464131209e-05
4.669600918391e-01
-1.693535179649e-01
1.013800187385e-04
-8.560296700757e-02
8.835836951075e-03
-9.869557923764e-02
1.091384740689e-02
-1.980583057918e+01
-3.947224739655e-03
-9.180439575920e+00
-1.498084232383e+00
5.028308833257e-04
2.832672237523e+00
5.761514606413e-04
6.631365294022e-05
4.964229199246e-04
-1.586450830162e-02
4.666736386069e-04
-1.519531709769e-02
-2.363833111932e+00
3.100761374334e-02
-1.987742286210e+00
-1.069516406290e+00
2.136470049010e-04
1.996558426776e+00
-2.529005213903e-05
-1.989215603237e-04
-2.963697855643e-05
-5.312898310309e-03
-7.538555342190e-06
-2.126658586344e-02
-2.546434436766e+01
1.456961623238e-02
-1.282049196573e+01
-4.613120548800e-01
-1.171598752821e-04
9.343207003968e-01
-1.405443575663e-04
-6.276402438543e-05
-8.275303212987e-05
1.784957687551e-02
-1.201465484154e-04
2.195014696158e-02
-1.976166467352e+01
4.632823848198e-03
-9.154916959482e+00
-1.498023849911e+00
5.425131627675e-04
2.832240747983e+00
-1.131603493052e-04
6.947451870819e-05
-2.233863811656e-04
-1.626602001227e-02
-8.477039085036e-05
-1.541422547472e-02
-2.366895168589e+00
-4.872196250611e-03
-1.988350847943e+00
-1.070325294071e+00
2.945711180740e-04
1.997541507635e+00
2.826388452504e-06
-1.896712719914e-04
5.045626126355e-06
-5.530739572993e-03
-1.681545022647e-05
-2.139652757544e-02
-2.542081569577e+01
-3.161893553680e-04
-1.279310137520e+01
-4.616390002037e-01
1.235408616693e-04
9.344971067427e-01
3.436219441033e-05
-5.687212873985e-05
4.840348253293e-06
1.797293314490e-02
2.881002248462e-05
2.201554018243e-02
-9.917040138861e+00
-2.406598178274e+01
-4.587299891151e+00
-7.491402368955e-01
4.612990795701e-04
1.416436287390e+00
1.319199196252e-01
-9.244589376995e-05
6.120744561333e-02
-8.031136097842e-03
7.654219838327e-02
-7.684675981633e-03
-1.188439020278e+00
-1.702012044108e+01
-9.986053669117e-01
-5.350709859708e-01
2.102283877330e-04
9.983818833911e-01
1.581626052958e-02
1.246938858060e-04
1.317171875011e-02
-2.626278488807e-03
8.530792087676e-03
-1.066312876154e-02
-1.268593423978e+01
-7.761381797655e+00
-6.396586765177e+00
-2.307337580805e-01
1.872900275475e-05
4.671640060800e-01
1.694979727689e-01
5.395930915804e-05
8.571708213666e-02
8.950912166060e-03
9.875199726807e-02
1.101169131762e-02
-8.905211766657e+00
2.343662453601e+01
-1.891872552014e-01
-1.385192410106e-01
-2.502127203501e-02
1.433449727832e+00
-1.189764901957e-01
1.003296416412e-04
-2.937689086385e-03
4.500007500315e-02
-6.009099054915e-02
-5.977752975404e-01
-1.274532242113e+00
1.791229626394e+01
-4.490769543100e-01
-1.201439405497e-01
-2.923898592833e-03
1.088759971012e+00
-1.704119214023e-02
-1.378784421809e-04
-5.940547044335e-03
2.344238130411e-02
-6.911890649099e-03
-4.636057644076e-01
-1.480109046120e+01
7.977661368662e+00
-1.123068246613e+00
-2.587460530603e-02
-3.899411758956e-02
4.972731876373e-01
-1.974681232661e-01
-3.593074582025e-05
-1.534152537907e-02
3.209105326783e-02
-9.437536897758e-02
-1.978413045613e-01
-1.786114215869e+01
1.138644280460e-02
-4.330724919333e-01
-2.774005135263e-01
9.369914700502e-05
2.867914931934e+00
1.009381243128e-05
-4.512899061736e-05
1.448915500582e-04
9.004302070934e-02
-1.406884149538e-04
-1.195840857117e+00
-2.568417606930e+00
-3.293746450376e-03
-9.125213398548e-01
-2.400910357177e-01
1.322697152140e-06
2.177006009568e+00
-4.432224556833e-05
1.413112932142e-04
-2.358738328285e-05
4.708653697897e-02
-2.286275181493e-05
-9.267782041400e-01
-2.954728011365e+01
9.037862317110e-03
-2.227462858929e+00
-5.178253737940e-02
-7.184166780550e-05
9.943068262511e-01
2.430323914704e-05
2.854377472379e-05
-7.004351654293e-09
6.414652005024e-02
2.039137527199e-05
-3.956045231155e-01
-1.784588004508e+01
4.195977540226e-03
-4.311422470427e-01
-2.776023665560e-01
3.677285692219e-04
2.868394261463e+00
1.501736777295e-04
-4.078609199403e-05
-1.228641120644e-04
8.986036509135e-02
6.558581351160e-05
-1.196062450096e+00
-2.575443191155e+00
1.824257873169e-02
-9.125786872888e-01
-2.403020857248e-01
1.999039112657e-04
2.177659408842e+00
-3.146971764073e-05
1.434087747860e-04
1.170906308023e-05
4.704912551002e-02
-1.229342494723e-04
-9.270642740624e-01
-2.952020355616e+01
1.744959166515e-03
-2.223403780171e+00
-5.184087794100e-02
-6.281335283184e-05
9.943523586308e-01
-7.136410452913e-05
2.532099663769e-05
-1.338349975644e-05
6.426231290494e-02
-7.032602752000e-05
-3.956241540347e-01
-8.877916737625e+00
-2.344193341433e+01
-1.933238101007e-01
-1.387596531172e-01
2.525637206539e-02
1.434025733508e+00
1.187548435068e-01
-2.147889202697e-06
2.907490812999e-03
4.476005401149e-02
5.992450419941e-02
-5.980222975820e-01
-1.280897465573e+00
-1.792175138288e+01
-4.545287054543e-01
-1.203977983238e-01
3.080316792046e-03
1.089532441561e+00
1.714735726020e-02
-2.376553534433e-04
5.951847682008e-03
2.337786418904e-02
6.882486054105e-03
-4.639352079492e-01
-1.476813758928e+01
-7.959500178290e+00
-1.117699678355e+00
-2.597938173522e-02
3.889531366648e-02
4.973094501936e-01
1.975324453903e-01
-4.306665716347e-05
1.536362765682e-02
3.222387466357e-02
9.438883580776e-02
-1.978424865997e-01
-8.782644773574e+00
2.357346839475e+01
3.366266813433e+00
3.190608958339e-01
-4.817150497263e-02
1.060755018292e+00
-1.173044426833e-01
3.549332351491e-05
4.462295036866e-02
-3.354615759511e-01
-4.794482722832e-02
-1.059714811543e+00
-1.373094056304e+00
1.767550977236e+01
8.386435103747e-02
2.233040204582e-01
-5.452116708969e-03
7.933681388763e-01
-1.825653583280e-02
-5.619319549850e-05
1.213435241769e-03
-2.548290855331e-01
-5.374644541401e-03
-7.970075608908e-01
-1.394278961914e+01
7.925616123481e+00
4.577334594082e+00
1.340625758491e-01
-7.159040946861e-02
3.567533044035e-01
-1.862711647274e-01
2.308480237034e-06
6.082430382649e-02
-1.070192128272e-01
-7.166545555284e-02
-3.570452242012e-01
-1.759364754616e+01
6.498545217019e-03
6.701005441906e+00
6.380715845788e-01
-3.270709896418e-05
2.122008058492e+00
1.017763545089e-04
-7.311616351409e-06
9.506594306832e-05
-6.709276143296e-01
-1.956551842021e-05
-2.119726581781e+00
-2.754148217005e+00
5.382804141902e-04
1.650437310103e-01
4.467178293331e-01
-4.715760384023e-05
1.586695129079e+00
-5.829566968718e-05
4.984765011913e-05
-3.972650263580e-05
-5.095550955383e-01
4.647513072104e-05
-1.593825552548e+00
-2.785305131182e+01
9.369720472741e-03
9.163325072395e+00
2.680347333128e-01
-1.127799838586e-04
7.134072120712e-01
-2.221716833029e-05
-3.459299889709e-07
-1.189346581969e-05
-2.140482856067e-01
1.570010199670e-05
-7.141001419219e-01
-1.759375519990e+01
4.173134027257e-03
6.701255382888e+00
6.381311752034e-01
9.609653415719e-05
2.122316015332e+00
-1.029612994345e-04
-3.978809946714e-06
-9.225149045243e-05
-6.710423614199e-01
-5.351890746540e-05
-2.120015678132e+00
-2.757003214194e+00
5.590968023453e-03
1.661459698978e-01
4.467383548834e-01
6.971213387237e-05
1.586910830623e+00
2.579736832353e-05
4.812783039682e-05
4.900960154546e-05
-5.096272353020e-01
-1.058563522395e-04
-1.594028353896e+00
-2.784732468104e+01
-3.377352711806e-03
9.161746044385e+00
2.680490795348e-01
3.599134826499e-05
7.134189984539e-01
3.815428973208e-06
-3.971072447361e-06
1.517923393118e-05
-2.140200521228e-01
-3.536513379965e-05
-7.141332341762e-01
-8.780409222622e+00
-2.357827564951e+01
3.363687742859e+00
3.191193415182e-01
4.822663198399e-02
1.061127943767e+00
1.173068855525e-01
-3.694979074632e-05
-4.462686910233e-02
-3.356109712927e-01
4.789869662728e-02
-1.060050338498e+00
-1.376981858262e+00
-1.767938906056e+01
8.361366911161e-02
2.233231257752e-01
5.493326493717e-03
7.936206257493e-01
1.830257588985e-02
-9.508226002822e-05
-1.228246882599e-03
-2.549155606203e-01
5.354862709747e-03
-7.972390955563e-01
-1.393471973989e+01
-7.920106016409e+00
4.575286957391e+00
1.340663742957e-01
7.155282554561e-02
3.567597966887e-01
1.862964430135e-01
1.346309851308e-06
-6.082773921210e-02
-1.069794423756e-01
7.166875985292e-02
-3.570746234254e-01
-6.725388373540e+00
2.354619251781e+01
6.395994604350e+00
3.727656995895e-01
-6.227175747735e-02
4.668140092718e-01
-8.995972941927e-02
9.380187012244e-06
8.518397313374e-02
-9.281654868362e-01
-2.560858559177e-02
-1.112894663514e+00
-1.226323892772e+00
1.772241075347e+01
5.975411953694e-01
2.643492793953e-01
-7.052893916587e-03
3.551946775839e-01
-1.620347500100e-02
-9.218979520109e-05
8.082051327763e-03
-6.963604936499e-01
-2.880620229011e-03
-8.400639684283e-01
-1.114149131792e+01
7.929732312246e+00
9.576345092138e+00
1.509511712595e-01
-9.369955177622e-02
1.464235816994e-01
-1.490678649110e-01
7.015221606152e-06
1.277298582412e-01
-3.176325373842e-01
-3.888563966189e-02
-3.741912542959e-01
-1.349809399856e+01
4.208460428567e-03
1.278674984391e+01
7.456889146528e-01
-1.043394394376e-04
9.338758882339e-01
4.276849341556e-05
-3.754442252243e-06
6.243784742099e-05
-1.856410252438e+00
5.730524414610e-05
-2.226187616891e+00
-2.455413394319e+00
-2.481689969951e-03
1.197822615555e+00
5.288321817877e-01
-3.894439402746e-05
7.102424125918e-01
-1.416824078366e-04
6.284821133074e-05
-6.468463657250e-05
-1.392412846852e+00
1.396575722020e-04
-1.679825941367e+00
-2.225268062294e+01
8.700033412541e-03
1.915212651259e+01
3.017792111624e-01
-1.111771122731e-04
2.927600891478e-01
-7.892050650593e-05
-3.695101376282e-06
-2.720925300512e-05
-6.352858241659e-01
6.304238628502e-05
-7.483981940540e-01
-1.350240655602e+01
6.208475653668e-04
1.279023678086e+01
7.457787222512e-01
4.027743421564e-05
9.339211430378e-01
-8.836808347956e-05
-4.379479355710e-06
-2.608830442252e-05
-1.856548957559e+00
-1.536034860812e-05
-2.226359568983e+00
-2.455955671320e+00
3.007672883790e-03
1.198213209427e+00
5.288507760689e-01
2.369558398074e-05
7.102415511572e-01
1.364910842859e-04
6.121130701524e-05
6.956140655715e-05
-1.392438888187e+00
-1.160215352213e-04
-1.679840234917e+00
-2.225565255387e+01
-6.972518419924e-03
1.915419315750e+01
3.017856719807e-01
1.018396371035e-04
2.927640076053e-01
7.838153486939e-05
-4.124620473752e-06
2.909791647512e-05
-6.352958807238e-01
-5.733915322015e-05
-7.483991453416e-01
-6.729958370954e+00
-2.354902524836e+01
6.400366747764e+00
3.728616359177e-01
6.228648171495e-02
4.668708222050e-01
9.002284053979e-02
-2.267070217131e-05
-8.523419309622e-02
-9.283286695835e-01
2.564650053892e-02
-1.113093476451e+00
-1.226847232425e+00
-1.772273392978e+01
5.983594398377e-01
2.643699552415e-01
7.051373941433e-03
3.551915035209e-01
1.621094344190e-02
-9.464421657668e-05
-8.088684391897e-03
-6.963876051638e-01
2.894127454523e-03
-8.400789572795e-01
-1.114420597231e+01
-7.931044172521e+00
9.578263811119e+00
1.509575675183e-01
9.370230687374e-02
1.464273435578e-01
1.490682954221e-01
6.261560616097e-06
-1.277326235090e-01
-3.176434691120e-01
3.888561847766e-02
-3.741921089807e-01
-3.794173067259e+00
2.358815365817e+01
8.545246344941e+00
-8.270678582556e-03
-6.777407417361e-02
9.548686700597e-03
-5.082054191696e-02
-1.045052392480e-05
1.139540707697e-01
-1.388159980884e+00
1.352329059294e-04
-7.337551637125e-01
-9.111381882802e-01
1.768573426992e+01
1.041166343844e+00
-1.755052031836e-02
-7.746797240359e-03
1.399412637617e-02
-1.184584156211e-02
-8.310606606897e-05
1.393927497551e-02
-1.034901575552e+00
-2.212082557816e-05
-5.565203494213e-01
-6.605532193960e+00
7.916971389858e+00
1.307890309589e+01
1.345471518855e-02
-1.013019116534e-01
-1.409655146528e-02
-8.848713359206e-02
1.967814077622e-05
1.746834764142e-01
-4.775188460727e-01
-8.925935629381e-05
-2.363563098540e-01
-7.628944676787e+00
4.428387605282e-03
1.709945971395e+01
-1.640090829195e-02
-5.667266227363e-05
1.913332170006e-02
-2.463580975776e-05
7.448377994240e-08
1.372885874029e-05
-2.776561904571e+00
1.505110197858e-04
-1.467917860406e+00
-1.819940880423e+00
3.204826828682e-04
2.084850361560e+00
-3.491009510730e-02
2.231929578253e-05
2.790013055854e-02
-3.604567037062e-04
4.327196157599e-05
-1.903453712221e-05
-2.069584945884e+00
2.606084112469e-04
-1.112985641302e+00
-1.318390157631e+01
1.552326282243e-03
2.614872698126e+01
2.677951442992e-02
-9.596154275285e-06
-2.829857846687e-02
-2.494720980842e-04
-1.325519335119e-05
1.312433510253e-05
-9.550979206257e-01
1.507869778482e-04
-4.728114508560e-01
-7.631063386855e+00
-1.996371196967e-03
1.710324087856e+01
-1.639065946002e-02
2.374687998238e-05
1.911310359558e-02
1.951295552666e-06
-1.697829403340e-06
2.563529130628e-05
-2.776690040437e+00
-4.873877021038e-05
-1.467970777169e+00
-1.820427992954e+00
-1.222493607756e-03
2.085409934463e+00
-3.490279402802e-02
-2.704084259839e-05
2.788704891121e-02
3.574548468659e-04
4.307854405378e-05
2.574689703799e-05
-2.069558117290e+00
-2.081840940287e-04
-1.112945011723e+00
-1.318722313703e+01
-2.798561455934e-03
2.615383520975e+01
2.678575702031e-02
3.853239552548e-05
-2.828825896576e-02
2.543246917053e-04
-1.274533153967e-05
-1.842302664945e-05
-9.550851401912e-01
-1.360994380754e-04
-4.727908321948e-01
-3.795532848392e+00
-2.358993152363e+01
8.550802619332e+00
-8.264075636430e-03
6.779535911601e-02
9.525062776905e-03
5.085167476644e-02
-2.551760118821e-05
-1.140081333356e-01
-1.388304506161e+00
-7.660527828465e-05
-7.338162806361e-01
-9.108644853606e-01
-1.768513202863e+01
1.042535902277e+00
-1.754289107064e-02
7.750628668507e-03
1.397624577844e-02
1.185059115499e-02
-7.708155937903e-05
-1.394769191097e-02
-1.034869071239e+00
5.374555430520e-05
-5.564733151658e-01
-6.608747923499e+00
-7.920366941855e+00
1.308474759643e+01
1.345696385244e-02
1.013135010174e-01
-1.408763934843e-02
8.847975852545e-02
2.169908328883e-05
-1.746765053842e-01
-4.775053867944e-01
9.016618168889e-05
-2.363319753745e-01
-2.311881424361e-01
2.363414638458e+01
9.386357850251e+00
-6.032013451914e-01
-6.279798302980e-02
-4.467973283214e-02
-3.351531214668e-03
-6.549521416880e-06
1.252768401939e-01
-1.445309931644e+00
2.619875691990e-02
-1.410417353928e-01
-4.428155236441e-01
1.766945505840e+01
1.339462687093e+00
-4.569593285133e-01
-7.297803805162e-03
-2.746401027884e-02
-5.708190943369e-03
-8.492009497898e-05
1.784287768415e-02
-1.075051954345e+00
3.082865571047e-03
-1.163641302336e-01
-1.088249652949e+00
7.903603653291e+00
1.458401241826e+01
-1.966070559916e-01
-9.351963702980e-02
-3.044505987974e-02
-1.486447875279e-02
3.226803308320e-06
1.949801181852e-01
-4.932396646891e-01
3.866289448497e-02
-2.595897402895e-02
-4.982777227139e-01
2.257401015314e-03
1.879525167261e+01
-1.206371085108e+00
-3.715100729079e-06
-8.943577042044e-02
8.246696440342e-05
5.688705871972e-07
-2.977763423639e-05
-2.890926533965e+00
1.108635076544e-04
-2.823127800981e-01
-8.843754572720e-01
-2.396402913433e-03
2.684301405727e+00
-9.136415867728e-01
7.343073842178e-05
-5.503562950032e-02
-1.450972082582e-04
5.542098183481e-05
6.530339709548e-05
-2.149816400493e+00
1.457112182817e-04
-2.326319787767e-01
-2.152659980275e+00
-2.303954490136e-03
2.914356710497e+01
-3.933079617260e-01
1.290960713177e-04
-6.099523230535e-02
-7.566795121423e-05
-2.701863781463e-06
1.882596265607e-05
-9.864087227999e-01
7.393734701189e-05
-5.193920974372e-02
-4.982740480563e-01
-5.759366662055e-04
1.879476547490e+01
-1.206403818606e+00
4.982605421189e-05
-8.940604413875e-02
-8.309452508309e-05
-6.909697283664e-07
2.440039032348e-05
-2.890995894066e+00
-7.849896312473e-06
-2.823190728599e-01
-8.847492608714e-01
2.855736681209e-03
2.685738848092e+00
-9.136503301626e-01
-5.999055474820e-05
-5.502282369923e-02
1.439085238081e-04
5.672029306357e-05
-4.999905807118e-05
-2.149835285785e+00
-8.611433646702e-05
-2.326147452168e-01
-2.154074228134e+00
6.935283607940e-05
2.915083188177e+01
-3.932857101197e-01
-8.141410232763e-05
-6.099040234174e-02
7.791130512105e-05
-2.443769540349e-06
-2.346361599159e-05
-9.863844519708e-01
-5.991226347773e-05
-5.192118724127e-02
-2.291802103294e-01
-2.363509565925e+01
9.385842118517e+00
-6.032435557355e-01
6.282260569265e-02
-4.464718831180e-02
3.352262577505e-03
-1.621288404840e-05
-1.252690930241e-01
-1.445385329105e+00
-2.613621589579e-02
-1.410499535255e-01
-4.419221822828e-01
-1.766966624484e+01
1.341467105239e+00
-4.569731941538e-01
7.318847819476e-03
-2.744922702476e-02
5.710955803969e-03
-8.838333802613e-05
-1.786340041437e-02
-1.075075031019e+00
-3.051049728838e-03
-1.163451561245e-01
-1.088908479053e+00
-7.907683623109e+00
1.459243503923e+01
-1.965929257153e-01
9.353703749884e-02
-3.044522294693e-02
1.486046212638e-02
6.335708125229e-06
-1.949737955979e-01
-4.932102401294e-01
-3.866005411134e-02
-2.593584773085e-02
3.404286318970e+00
2.368667319118e+01
8.813750595842e+00
-1.064596481246e+00
-4.822208629720e-02
3.377969230972e-01
4.514864772055e-02
3.685097624476e-06
1.177675948336e-01
-1.066103743245e+00
4.851799172222e-02
3.180137947312e-01
1.168014287510e-01
1.764962523673e+01
1.435692794763e+00
-7.961812175635e-01
-5.650063506754e-03
2.537488534860e-01
1.684760919624e-03
-9.057144210093e-05
1.910638060876e-02
-7.922676465180e-01
5.811749381112e-03
2.237060000580e-01
4.574094306894e+00
7.888792760927e+00
1.386227020866e+01
-3.561666792684e-01
-7.148973583566e-02
1.064274558823e-01
6.084661735404e-02
-1.159265091395e-05
1.855418303370e-01
-3.558284778200e-01
7.139213721082e-02
1.338841030577e-01
6.779526564460e+00
1.471089544836e-03
1.766263721570e+01
-2.129327180403e+00
4.726197244240e-05
6.755057979926e-01
9.233431051628e-05
-1.068645654315e-05
-1.153692512382e-04
-2.132567181455e+00
9.066287269226e-05
6.359156908207e-01
2.348245317492e-01
-3.143622206759e-03
2.881824100425e+00
-1.591988465410e+00
1.043995020905e-04
5.073072259146e-01
-4.292020778657e-05
6.523791390688e-05
6.264666893441e-05
-1.584292643343e+00
9.790561781645e-05
4.474776540079e-01
9.159742643049e+00
5.315036570516e-04
2.768642278534e+01
-7.123231088014e-01
1.204532232140e-04
2.127559194096e-01
-1.920402529612e-05
7.299101106492e-06
-5.433066378568e-06
-7.115310719516e-01
3.421878745147e-05
2.677218456220e-01
6.777610537825e+00
-1.759207093395e-03
1.765615777776e+01
-2.129271647413e+00
7.898803386093e-05
6.755649195072e-01
-1.134455994592e-04
-1.145019294222e-05
4.733534013424e-05
-2.132545268596e+00
-3.640996019515e-05
6.358622452444e-01
2.350619692365e-01
5.305785685154e-03
2.883423758247e+00
-1.592043984118e+00
-6.640650247138e-05
5.073642161290e-01
4.818790198112e-05
6.738798300603e-05
-4.650095477721e-05
-1.584358335075e+00
-4.377943454974e-05
4.474931873722e-01
9.161480980401e+00
-1.713390413515e-03
2.769501906857e+01
-7.123007825970e-01
-6.548783715821e-05
2.127538577801e-01
2.154352254871e-05
7.472264837422e-06
7.003146308804e-06
-7.115121486989e-01
-2.193257428684e-05
2.677432881416e-01
3.403894753668e+00
-2.368594872994e+01
8.804746548784e+00
-1.064536363718e+00
4.825099313271e-02
3.378608530952e-01
-4.511961052614e-02
7.575308315490e-06
-1.176735906585e-01
-1.066071977234e+00
-4.844538356260e-02
3.179521493098e-01
1.184212530382e-01
-1.765086869982e+01
1.437146412575e+00
-7.962510974888e-01
5.682667777386e-03
2.538183303369e-01
-1.690764214892e-03
-1.052041759987e-04
-1.912856200253e-02
-7.923455810966e-01
-5.790104499460e-03
2.237211046565e-01
4.577269991837e+00
-7.892975512405e+00
1.387154046464e+01
-3.561556705474e-01
7.151129656867e-02
1.064189642886e-01
-6.085077976393e-02
-9.799245852357e-06
-1.855435843452e-01
-3.558025649334e-01
-7.139025380904e-02
1.339098558005e-01
6.545780285604e+00
2.372696787224e+01
6.858242794695e+00
-1.121535711424e+00
-2.605019855757e-02
9.347859824950e-01
8.713284033085e-02
-6.220494394551e-06
9.181453113521e-02
-4.716961854378e-01
6.345189960897e-02
3.731971037670e-01
6.761117578823e-01
1.764963494048e+01
1.295645543340e+00
-8.374322904339e-01
-3.015657086766e-03
6.930911146860e-01
9.100336075743e-03
-1.054449110445e-04
1.723284219179e-02
-3.527001197474e-01
7.646137417373e-03
2.649495483952e-01
9.531641009338e+00
7.885945779015e+00
1.105010362906e+01
-3.724333209805e-01
-3.874556889624e-02
3.160413371953e-01
1.272345625282e-01
-1.851777985977e-05
1.481042997581e-01
-1.461611097548e-01
9.327566867479e-02
1.501011541331e-01
1.307568822694e+01
-1.560087936330e-03
1.376498563428e+01
-2.243275724217e+00
6.411240100280e-05
1.869458795407e+00
4.065737965775e-05
-1.850799585586e-05
-1.780510169576e-04
-9.436499657917e-01
4.876724951683e-05
7.464039149703e-01
1.355712617100e+00
-4.407211659046e-03
2.603337937401e+00
-1.674438210351e+00
1.243005181706e-04
1.385803567637e+00
-7.810203036807e-06
7.449188600239e-05
2.660800667109e-05
-7.052390549759e-01
3.974769043258e-05
5.299826757941e-01
1.905219889671e+01
3.842145906241e-03
2.205506419706e+01
-7.447865808222e-01
8.043972356787e-05
6.319617225538e-01
-1.319208288286e-05
1.127784998473e-05
-1.609321242713e-05
-2.922643835280e-01
7.875912403255e-06
3.001238703904e-01
1.306846367320e+01
-5.365233416226e-03
1.375593492264e+01
-2.242976400014e+00
6.024082120992e-05
1.869287606639e+00
-1.173863982354e-04
-1.966102232310e-05
8.346581518304e-05
-9.435803437053e-01
-9.487405686295e-05
7.462692055347e-01
1.355352733063e+00
5.862623923987e-03
2.602950875066e+00
-1.674460663613e+00
-8.493637164990e-05
1.385866300497e+00
4.708345474447e-06
7.612374822428e-05
-3.197089629525e-05
-7.052745060762e-01
-2.925224523184e-05
5.299722372534e-01
1.905561559841e+01
-1.286968257386e-03
2.205992851449e+01
-7.447833536446e-01
-5.766924063063e-05
6.319704615641e-01
1.855594840200e-05
1.288741907544e-05
2.095777552547e-05
-2.922547499417e-01
-1.419079385112e-07
3.001400267976e-01
6.537949186224e+00
-2.372240778117e+01
6.846857960325e+00
-1.121190776071e+00
2.606867698663e-02
9.345785040412e-01
-8.702725241552e-02
4.191979680265e-05
-9.168432875279e-02
-4.716039635015e-01
-6.338310661652e-02
3.730490332020e-01
6.758647873957e-01
-1.765046254553e+01
1.294415228197e+00
-8.374623269444e-01
3.031237916716e-03
6.931660721222e-01
-9.095253688307e-03
-1.149325163705e-04
-1.722497879585e-02
-3.527423273242e-01
-7.636686903564e-03
2.649348333348e-01
9.535248943795e+00
-7.887647448860e+00
1.105441626542e+01
-3.724382715738e-01
3.875150803048e-02
3.160503327261e-01
-1.272424489649e-01
-2.075639030972e-05
-1.481106841262e-01
-1.461505262940e-01
-9.327751536871e-02
1.501188692593e-01
-0.000000000000e+00
-0.000000000000e+00
-0.000000000000e+00
5.546485048730e-10
-0.000000000000e+00
1.504538797885e-10
-0.000000000000e+00
-0.000000000000e+00
-0.000000000000e+00
-0.000000000000e+00
1.541976423090e-10
-0.000000000000e+00
1.101067539613e-09
-0.000000000000e+00
-0.000000000000e+00
-0.000000000000e+00
-0.000000000000e+00
-0.000000000000e+00
-0.000000000000e+00
1.034784041461e-09
-5.960849403510e-10
1.838770106068e-04
-1.079383302430e-09
-3.568878314633e-01
1.328817185396e-12
3.916323952464e-03
1.838776685094e-04
-3.083950908850e-10
-3.568878304085e-01
1.328508005365e-12
3.697374648094e-03
1.838773323308e-04
1.541978360422e-10
-3.568878329714e-01
1.328454488826e-12
3.658239735533e-03
1.838770733528e-04
3.083954783512e-10
-3.568878335312e-01
1.328505312563e-12
3.686698834409e-03
-1.364051800906e-01
-1.002284585756e-09
-3.297917297316e-01
1.328387747092e-12
3.639317092287e-03
-1.364051792509e-01
-7.709881222920e-10
-3.297917301201e-01
1.328082612573e-12
3.415074937823e-03
-1.364051807380e-01
9.251859431074e-10
-3.297917311311e-01
1.327943163886e-12
3.311935774922e-03
-1.364051807067e-01
7.709883007984e-10
-3.297917321650e-01
1.327893374883e-12
3.272525450987e-03
-2.522277865236e-01
-3.083953134328e-10
-2.524878284115e-01
1.325238554306e-12
1.358571845041e-03
-2.522277873319e-01
-1.233581167287e-09
-2.524878290569e-01
1.325673166625e-12
1.697513217224e-03
-2.522277870833e-01
3.083952558033e-10
-2.524878281525e-01
1.326186870957e-12
2.079262557645e-03
-2.522277869329e-01
1.541976134943e-10
-2.524878285619e-01
1.327624224742e-12
3.132434252700e-03
-3.296509954884e-01
-1.002284817505e-09
-1.367449411998e-01
1.320337596847e-12
-2.220026495284e-03
-3.296509968042e-01
-3.083954271140e-10
-1.367449433095e-01
1.322001290523e-12
-9.432319385648e-04
-3.296509984208e-01
7.709880690493e-10
-1.367449446004e-01
1.323765567006e-12
3.662953227334e-04
-3.296509980951e-01
7.709880690493e-10
-1.367449416929e-01
1.326873106486e-12
2.649497155677e-03
-3.568878348888e-01
-9.251860883376e-10
-1.838778044590e-04
1.339523802237e-12
1.245328451714e-02
-3.568878334684e-01
-4.625931614104e-10
-1.838791411795e-04
1.332735036083e-12
7.477607553827e-03
-3.568878341995e-01
4.625926924438e-10
-1.838777835437e-04
1.331121710737e-12
6.337147427736e-03
-3.568878340700e-01
1.079383261680e-09
-1.838775036504e-04
1.330783765391e-12
6.172734346646e-03
-3.297917328981e-01
-9.251861446270e-10
1.364051798565e-01
1.241914429885e-12
-5.999878978137e-02
-3.297917333931e-01
1.541973515362e-10
1.364051802554e-01
1.252487286214e-12
-5.226521178747e-02
-3.297917324239e-01
7.709879207724e-10
1.364051801469e-01
1.245237793872e-12
-5.764091600424e-02
-3.297917336083e-01
1.079383205390e-09
1.364051805249e-01
1.218943919730e-12
-7.703384909610e-02
-2.524878283905e-01
-6.167908720309e-10
2.522277858343e-01
1.309605517543e-12
-1.028963328008e-02
-2.524878283696e-01
-1.541979451038e-10
2.522277851450e-01
1.311669584571e-12
-8.684708361258e-03
-2.524878284991e-01
1.541973395143e-10
2.522277848651e-01
1.311816476682e-12
-8.582952472229e-03
-2.524878279164e-01
7.709879087504e-10
2.522277861246e-01
1.309116882177e-12
-1.069429425174e-02
-1.367449419309e-01
-4.625931956461e-10
3.296509968460e-01
1.335525674372e-12
9.126268595049e-03
-1.367449433095e-01
-2.687189413572e-16
3.296509968042e-01
1.333653143842e-12
7.739329692233e-03
-1.367449440635e-01
1.541973735901e-10
3.296509966433e-01
1.333487080421e-12
7.615329362048e-03
-1.367449442996e-01
-2.687189424409e-16
3.296509976020e-01
1.335197989518e-12
8.888468508851e-03
-1.838805082737e-04
-4.625931206602e-10
3.568878341858e-01
1.327981979634e-12
3.286594987947e-03
-1.838799161149e-04
6.167903755030e-10
3.568878339968e-01
1.327673908241e-12
3.065246452376e-03
-1.838795714771e-04
1.079383302430e-09
3.568878340073e-01
1.327324706947e-12
2.803154835094e-03
-1.838788936584e-04
1.079383302430e-09
3.568878332690e-01
1.326823572119e-12
2.417760827694e-03
1.364051786284e-01
-1.541977315622e-10
3.297917324469e-01
1.328819947587e-12
3.983704115893e-03
1.364051778315e-01
-7.709883007984e-10
3.297917325607e-01
1.328688563608e-12
3.884761748460e-03
1.364051781657e-01
3.083951953649e-10
3.297917329158e-01
1.328633702344e-12
3.843475223130e-03
1.364051787683e-01
-8.925317486795e-17
3.297917323821e-01
1.328491920411e-12
3.737206534370e-03
2.522277836056e-01
-7.709881827304e-10
2.524878290818e-01
1.325563979822e-12
1.628765623142e-03
2.522277839721e-01
-3.083952558033e-10
2.524878295069e-01
1.325473523328e-12
1.574982058085e-03
2.522277846071e-01
7.709882403599e-10
2.524878290432e-01
1.325516533625e-12
1.607513518069e-03
2.522277838646e-01
7.709882403599e-10
2.524878296416e-01
1.325771906230e-12
1.785958802848e-03
3.296509963405e-01
-1.541974998131e-10
1.367449426745e-01
1.323047086751e-12
-1.231839484225e-04
3.296509962862e-01
-1.079383353667e-09
1.367449421899e-01
1.322668773412e-12
-3.835548195904e-04
3.296509970298e-01
-1.541974998131e-10
1.367449426954e-01
1.322620794206e-12
-4.192530077103e-04
3.296509956094e-01
3.083954271140e-10
1.367449440321e-01
1.322876889187e-12
-2.491889249662e-04
3.568878324241e-01
-3.083950501348e-10
1.838794544443e-04
1.321514724474e-12
-1.149574596662e-03
3.568878322194e-01
-9.251856193709e-10
1.838793792421e-04
1.320741854786e-12
-1.679324581525e-03
3.568878319113e-01
1.541976657574e-09
1.838781625522e-04
1.320640142144e-12
-1.755331590521e-03
3.568878321108e-01
6.167908037195e-10
1.838784100733e-04
1.321021897287e-12
-1.517589515013e-03
3.297917308479e-01
-3.083949938453e-10
-1.364051782284e-01
1.322091493123e-12
-7.072482484829e-04
3.297917306746e-01
-1.541973515362e-10
-1.364051793376e-01
1.321114975729e-12
-1.369750655779e-03
3.297917309336e-01
1.541979330818e-10
-1.364051787778e-01
1.321023924749e-12
-1.437680412944e-03
3.297917309441e-01
2.907727961805e-16
-1.364051791224e-01
1.321612622022e-12
-1.064568649816e-03
2.524878273566e-01
-1.541973395143e-10
-2.522277858656e-01
1.324642194340e-12
1.067274693374e-03
2.524878268387e-01
-7.709879087504e-10
-2.522277869852e-01
1.324010570146e-12
6.381394591429e-04
2.524878284730e-01
-3.083949818233e-10
-2.522277840035e-01
1.323965308793e-12
6.043586684539e-04
2.524878282245e-01
7.709885143399e-10
-2.522277849079e-01
1.324430831064e-12
9.094784025702e-04
1.367449419100e-01
-4.625926582082e-10
-3.296509961567e-01
1.327569239309e-12
3.065170117074e-03
1.367449417701e-01
3.083955533370e-10
-3.296509960920e-01
1.327239203219e-12
2.845099542145e-03
1.367449417210e-01
3.083955533370e-10
-3.296509967489e-01
1.327256785023e-12
2.858265807631e-03
1.367449410840e-01
1.541976691809e-09
-3.296509984930e-01
1.327591818965e-12
3.082589048052e-03
