0.000000 0.000000 0.000000 0.000000
0.012526 0.000000 0.000000 0.000000
0.112303 0.000000 0.000000 0.000000
0.212521 0.000000 0.000000 0.000000
0.312329 0.000000 0.000000 0.000000
0.412403 0.392406 1.000000 0.000000
0.512387 0.371773 1.000000 0.000000
0.612402 0.360905 1.000000 0.000000
0.712178 0.207153 1.000000 0.000000
0.812515 0.199136 1.000000 0.000000
0.912340 0.316725 1.000000 0.000000
1.012539 0.393203 1.000000 0.000000
1.112273 0.432221 1.000000 0.000000
1.212365 0.504262 1.000000 0.000000
1.312410 0.600000 1.000000 0.000000
1.412360 0.600000 0.811082 0.000000
1.512394 0.600002 0.549395 0.000000
1.612354 0.600001 0.433107 0.000000
1.712351 0.600002 0.502009 0.000000
1.812545 0.601797 0.645266 0.000000
1.912924 0.600000 0.732350 0.000000
2.013285 0.600000 0.716516 0.000000
2.112556 0.600000 0.642646 0.000000
2.212492 0.600000 0.584380 0.000000
2.312458 0.600000 0.580064 0.000000
2.412375 0.600000 0.615560 0.000000
2.512427 0.601009 0.651647 0.000000
2.612532 0.601157 0.661278 0.000000
2.712659 0.601466 0.645794 0.000000
2.812501 0.601825 0.624796 0.000000
2.912277 0.578893 0.615646 0.000000
3.013383 0.554172 0.621382 0.000000
3.112734 0.534287 0.632945 0.000000
3.212315 0.476654 0.639854 0.000000
3.312519 0.406247 0.638462 0.000000
3.412385 -0.001240 0.632469 0.000000
3.512309 -0.415255 0.627809 0.000000
3.612434 -0.600000 0.627530 0.000000
3.712475 -0.600000 0.630391 0.000000
3.812470 -0.601623 0.633278 0.000000
3.912329 -0.601940 0.634058 0.000000
4.012329 -0.600000 0.632846 0.000000
4.112574 -0.599474 0.631197 0.000000
4.212396 -0.599623 0.630484 0.000000
4.312612 -0.598617 0.630900 0.000000
4.412372 -0.288828 0.631813 0.000000
4.512573 0.070631 0.632386 0.000000
4.612600 0.331895 0.632255 0.000000
4.712326 0.518408 0.631700 0.000000
4.812481 0.600879 0.631293 0.000000
4.912489 0.601610 0.631260 0.000000
5.012562 0.599390 0.631525 0.000000
5.112391 0.599473 0.631775 0.000000
5.213753 0.600584 0.631917 0.000000
5.312443 0.514884 0.631812 0.000000
5.412852 0.423102 0.631665 0.000000
5.512262 0.362707 0.631601 0.000000
5.612752 0.089381 0.631637 0.000000
5.712914 -0.121354 0.631713 0.000000
5.812309 -0.353442 0.631742 0.000000
5.912182 -0.471936 0.631707 0.000000
6.012595 -0.601119 0.631696 0.000000
6.112199 -0.530200 0.631644 0.000000
6.212391 -0.494263 0.631657 0.000000
6.312496 -0.491894 0.631715 0.000000
6.412226 -0.171715 0.631764 0.000000
6.512533 0.213656 0.631774 0.000000
6.612656 0.540591 0.631728 0.000000
6.712734 0.600000 0.631698 0.000000
6.812437 0.600000 0.631668 0.000000
6.912532 0.600443 0.631675 0.000000
7.012485 0.600591 0.631721 0.000000
7.112568 0.600668 0.631771 0.000000
7.212430 0.418006 0.631754 0.000000
7.312508 0.135718 0.631746 0.000000
7.412357 -0.243853 0.631733 0.000000
7.512439 -0.555875 0.631703 0.000000
7.612275 -0.601957 0.631708 0.000000
7.712405 -0.600000 0.631704 0.000000
7.812409 -0.600957 0.631724 0.000000
7.912612 -0.601625 0.631763 0.000000
8.012208 -0.600000 0.631798 0.000000
8.112226 -0.600000 0.631812 0.000000
8.212370 -0.601175 0.631809 0.000000
8.312401 -0.601813 0.631802 0.000000
8.412383 -0.600000 0.631801 0.000000
8.512663 -0.600679 0.631813 0.000000
8.612329 -0.601270 0.631828 0.000000
8.712472 -0.601904 0.631839 0.000000
8.812539 -0.600000 0.631842 0.000000
8.912380 -0.600715 0.631841 0.000000
9.012605 -0.601278 0.631843 0.000000
9.113106 -0.600520 0.631821 0.000000
9.212419 -0.600309 0.631821 0.000000
9.312779 -0.600504 0.631891 0.000000
9.412796 -0.600976 0.631918 0.000000
9.512667 -0.600976 0.631918 0.000000
9.613005 -0.600977 0.631918 0.000000
9.712319 -0.600977 0.631918 0.000000
9.812758 -0.600977 0.631918 0.000000
9.912319 -0.600977 0.631918 0.000000
10.012550 -0.600977 0.631918 0.000000
10.112310 -0.600977 0.631918 0.000000
10.212231 -0.600977 0.631918 0.000000
10.312319 -0.600977 0.631918 0.000000
10.412416 -0.600977 0.631918 0.000000
10.512505 -0.600977 0.631918 0.000000
10.612442 -0.600977 0.631918 0.000000
10.712432 -0.600977 0.631918 0.000000
10.812317 -0.600977 0.631918 0.000000
10.912385 -0.600977 0.631918 0.000000
11.012442 -0.600977 0.631918 0.000000
11.112652 -0.600977 0.631918 0.000000
11.212543 -0.600977 0.631918 0.000000
11.312354 -0.600976 0.631918 0.000000
11.412396 -0.600976 0.631918 0.000000
11.512341 -0.600976 0.631918 0.000000
11.612494 -0.600976 0.631918 0.000000
11.712460 -0.600976 0.631918 0.000000
11.813393 -0.600976 0.631918 0.000000
11.912270 -0.600975 0.631918 0.000000
12.012320 -0.600975 0.631918 0.000000
