0.000000 0.000000 0.000000 0.000000
0.097666 0.000000 0.000000 0.000000
0.197606 0.000000 0.000000 0.000000
0.297756 0.000000 0.000000 0.000000
0.397518 0.000000 0.000000 0.000000
0.497723 0.000000 0.000000 0.000000
0.597682 0.293216 1.000000 0.000000
0.698174 0.317193 0.982411 0.000000
0.797697 0.287404 1.000000 0.000000
0.898707 0.290636 1.000000 0.000000
0.997586 0.279954 1.000000 0.000000
1.097488 0.110761 1.000000 0.000000
1.197647 0.296436 1.000000 0.000000
1.297660 0.270817 1.000000 0.000000
1.397443 0.252168 1.000000 0.000000
1.497694 0.307706 1.000000 0.000000
1.597605 0.359896 0.924122 0.000000
1.697602 0.518121 0.655088 0.000000
1.797576 0.601816 0.455185 0.000000
1.897644 0.601254 0.450929 0.000000
1.997521 0.570728 0.582548 0.000000
2.097549 0.531473 0.708417 0.000000
2.197681 0.562236 0.736714 0.000000
2.297736 0.600937 0.677810 0.000000
2.397645 0.598782 0.603547 0.000000
2.497720 0.598625 0.574107 0.000000
2.597563 0.601351 0.597018 0.000000
2.697598 0.600754 0.638434 0.000000
2.797666 0.576731 0.661508 0.000000
2.897602 0.598003 0.655011 0.000000
2.997404 0.600925 0.633331 0.000000
3.097601 0.580662 0.617415 0.000000
3.198698 0.598696 0.617294 0.000000
3.297684 0.600747 0.628017 0.000000
3.397567 0.577777 0.638046 0.000000
3.497941 0.552413 0.640182 0.000000
3.597602 0.434889 0.635377 0.000000
3.697618 0.274502 0.629439 0.000000
3.797762 0.151115 0.627138 0.000000
3.897623 -0.003382 0.629000 0.000000
3.997679 -0.131132 0.632289 0.000000
4.097610 -0.187022 0.634090 0.000000
4.197613 -0.209060 0.633539 0.000000
4.297571 -0.142461 0.631806 0.000000
4.397578 -0.042635 0.630566 0.000000
4.497624 0.074814 0.630585 0.000000
4.597425 0.199150 0.631444 0.000000
4.697587 0.352341 0.632234 0.000000
4.797434 0.453093 0.632391 0.000000
4.897686 0.568490 0.632007 0.000000
4.997574 0.530967 0.631554 0.000000
5.097532 0.469327 0.631406 0.000000
5.197553 0.447224 0.631582 0.000000
5.297645 0.250606 0.631845 0.000000
5.397581 -0.067105 0.631969 0.000000
5.497626 -0.362058 0.631889 0.000000
5.597495 -0.601226 0.631751 0.000000
5.697474 -0.600000 0.631636 0.000000
5.797628 -0.601034 0.631643 0.000000
5.897886 -0.601806 0.631746 0.000000
5.997537 -0.600000 0.631848 0.000000
6.098445 -0.601375 0.631844 0.000000
6.197441 -0.600861 0.631858 0.000000
6.297677 -0.523650 0.631802 0.000000
6.397580 -0.439698 0.631785 0.000000
6.497753 -0.188250 0.631805 0.000000
6.597531 0.081984 0.631831 0.000000
6.697552 0.294482 0.631815 0.000000
6.797504 0.411515 0.631759 0.000000
6.897542 0.513934 0.631711 0.000000
6.997614 0.601073 0.631752 0.000000
7.097528 0.562107 0.631757 0.000000
7.197675 0.520407 0.631787 0.000000
7.297360 0.211058 0.631817 0.000000
7.397371 -0.087399 0.631824 0.000000
7.497537 -0.409550 0.631793 0.000000
7.597573 -0.601304 0.631792 0.000000
7.697567 -0.600000 0.631784 0.000000
7.797395 -0.600646 0.631768 0.000000
7.897225 -0.600679 0.631852 0.000000
7.997451 -0.601348 0.631919 0.000000
8.097424 -0.572417 0.631888 0.000000
8.197524 -0.568004 0.631857 0.000000
8.297451 -0.394940 0.631847 0.000000
8.397415 -0.061667 0.631862 0.000000
8.497836 0.318462 0.631861 0.000000
8.597889 0.601705 0.631853 0.000000
8.697365 0.600000 0.631785 0.000000
8.797678 0.601594 0.631736 0.000000
8.897447 0.602015 0.631759 0.000000
8.997476 0.599703 0.631790 0.000000
9.097614 0.601126 0.631852 0.000000
9.198440 0.600342 0.631934 0.000000
9.298484 0.483790 0.631892 0.000000
9.397957 0.242922 0.631835 0.000000
9.497467 -0.170901 0.631797 0.000000
9.597579 -0.548406 0.631773 0.000000
9.697499 -0.600691 0.631791 0.000000
9.797625 -0.601432 0.631792 0.000000
9.897529 -0.600000 0.631803 0.000000
9.997725 -0.600802 0.631835 0.000000
10.097609 -0.601552 0.631868 0.000000
10.197616 -0.600000 0.631882 0.000000
10.297584 -0.600935 0.631878 0.000000
10.397564 -0.601655 0.631869 0.000000
10.497530 -0.600000 0.631867 0.000000
10.597485 -0.600988 0.631874 0.000000
10.697647 -0.600988 0.631874 0.000000
10.797616 -0.600988 0.631874 0.000000
10.897771 -0.600988 0.631874 0.000000
10.997620 -0.600988 0.631874 0.000000
11.100573 -0.600988 0.631874 0.000000
11.197365 -0.600988 0.631874 0.000000
11.297487 -0.600988 0.631874 0.000000
11.397698 -0.600987 0.631874 0.000000
11.497536 -0.600987 0.631874 0.000000
11.597491 -0.600987 0.631874 0.000000
11.697467 -0.600987 0.631874 0.000000
11.797564 -0.600987 0.631874 0.000000
11.897561 -0.600987 0.631874 0.000000
11.997547 -0.600986 0.631874 0.000000
