0.000000 0.000000 0.000000 0.000000
0.015914 0.000000 0.000000 0.000000
0.114603 0.000000 0.000000 0.000000
0.214986 0.000000 0.000000 0.000000
0.315086 0.000000 0.000000 0.000000
0.414831 0.000000 0.000000 0.000000
0.514894 0.000000 0.000000 0.000000
0.614884 0.000000 0.000000 0.000000
0.714773 0.000000 0.000000 0.000000
0.815493 0.158665 0.470208 0.000000
0.915014 0.557025 0.640442 0.000000
1.015661 0.601101 0.640483 0.000000
1.115993 0.601185 0.915032 0.000000
1.215727 0.600000 1.000000 0.000000
1.314814 0.349242 1.000000 0.000000
1.415702 0.260277 1.000000 0.000000
1.515949 0.255607 1.000000 0.000000
1.615597 0.256133 1.000000 0.000000
1.715471 0.405622 1.000000 0.000000
1.815265 0.452413 1.000000 0.000000
1.915521 0.600000 1.000000 0.000000
2.014745 0.600000 1.000000 0.000000
2.115680 0.600000 0.847290 0.000000
2.214809 0.600000 0.583125 0.000000
2.314944 0.600002 0.485426 0.000000
2.415452 0.600000 0.594188 0.000000
2.514875 0.600000 0.622007 0.000000
2.615712 0.600000 0.629125 0.000000
2.714823 0.600000 0.630945 0.000000
2.815501 0.602025 0.631415 0.000000
2.914736 0.598012 0.631534 0.000000
3.014788 0.571721 0.631529 0.000000
3.115707 0.499296 0.631567 0.000000
3.214971 0.380655 0.631567 0.000000
3.314988 0.179694 0.631575 0.000000
3.415561 -0.069915 0.631585 0.000000
3.515752 -0.347272 0.631593 0.000000
3.615392 -0.600000 0.631644 0.000000
3.716079 -0.600000 0.631679 0.000000
3.815417 -0.600340 0.631722 0.000000
3.915082 -0.600944 0.631712 0.000000
4.016838 -0.599189 0.631718 0.000000
4.115783 -0.599624 0.631774 0.000000
4.215779 -0.157457 0.631719 0.000000
4.315035 0.135076 0.631653 0.000000
4.414962 0.315558 0.631596 0.000000
4.515569 0.457719 0.631596 0.000000
4.614836 0.388940 0.631552 0.000000
4.715658 0.370556 0.631578 0.000000
4.814697 0.389147 0.631591 0.000000
4.914861 0.444780 0.631599 0.000000
5.015481 0.537826 0.631599 0.000000
5.115692 0.376190 0.631606 0.000000
5.215769 0.257647 0.631622 0.000000
5.315815 0.172970 0.631631 0.000000
5.415974 0.115060 0.631628 0.000000
5.515874 0.028144 0.631618 0.000000
5.615971 -0.008631 0.631614 0.000000
5.716468 -0.000916 0.631626 0.000000
5.815135 0.037029 0.631628 0.000000
5.914842 0.075297 0.631628 0.000000
6.015834 0.138876 0.631631 0.000000
6.115029 0.163569 0.631635 0.000000
6.215409 0.254732 0.631641 0.000000
6.314988 0.320241 0.631640 0.000000
6.414711 0.304642 0.631640 0.000000
6.515997 0.375515 0.631652 0.000000
6.615745 0.521653 0.631652 0.000000
6.715350 0.476485 0.631657 0.000000
6.814803 0.502332 0.631674 0.000000
6.914984 0.600195 0.631692 0.000000
7.014689 0.471274 0.631705 0.000000
7.115073 0.356515 0.631718 0.000000
7.214908 0.003182 0.631718 0.000000
7.315671 -0.290646 0.631703 0.000000
7.415157 -0.600572 0.631690 0.000000
7.515574 -0.601044 0.631703 0.000000
7.614918 -0.601057 0.631703 0.000000
7.714808 -0.601598 0.631731 0.000000
7.815784 -0.580634 0.631734 0.000000
7.914977 -0.599641 0.631807 0.000000
8.015069 -0.600764 0.631799 0.000000
8.114891 -0.373133 0.631789 0.000000
8.214735 0.082185 0.631773 0.000000
8.314956 0.427208 0.631714 0.000000
8.414756 0.600000 0.631726 0.000000
8.515174 0.600000 0.631726 0.000000
8.614852 0.600531 0.631707 0.000000
8.715861 0.600737 0.631714 0.000000
8.815602 0.559357 0.631749 0.000000
8.915150 0.426669 0.631765 0.000000
9.015521 0.158102 0.631759 0.000000
9.115659 -0.188240 0.631739 0.000000
9.214748 -0.446376 0.631724 0.000000
9.314897 -0.599635 0.631773 0.000000
9.415996 -0.599652 0.631773 0.000000
9.515119 -0.600937 0.631736 0.000000
9.614724 -0.600631 0.631798 0.000000
9.714922 -0.570381 0.631818 0.000000
9.815038 -0.599462 0.631879 0.000000
9.915032 -0.600065 0.631844 0.000000
10.014870 -0.600495 0.631853 0.000000
10.115037 -0.549406 0.631811 0.000000
10.215067 -0.562941 0.631805 0.000000
10.315893 -0.598506 0.631824 0.000000
10.415138 -0.602019 0.631847 0.000000
10.515091 -0.600304 0.631887 0.000000
10.615015 -0.602025 0.631847 0.000000
10.714999 -0.601991 0.631847 0.000000
10.815186 -0.602030 0.631847 0.000000
10.914869 -0.601990 0.631847 0.000000
11.014871 -0.602030 0.631847 0.000000
11.114982 -0.602030 0.631847 0.000000
11.215163 -0.602028 0.631847 0.000000
11.314883 -0.602027 0.631847 0.000000
11.415722 -0.602026 0.631847 0.000000
11.514825 -0.602025 0.631847 0.000000
11.614701 -0.602025 0.631847 0.000000
11.718483 -0.602024 0.631847 0.000000
11.814843 -0.602023 0.631847 0.000000
