0.0 0 0 0.0
0.1 0.0 0.015555555555555557 0.0
0.2 0.0 0.031111111111111114 0.0
0.30000000000000004 0.0 0.046666666666666676 0.0
0.4 0.0 0.06222222222222223 0.0
0.5 0.0 0.07777777777777778 0.0
0.6000000000000001 0.0 0.09333333333333335 0.0
0.7000000000000001 0.0 0.1088888888888889 0.0
0.8 0.0 0.12444444444444445 0.0
0.9 0.0 0.14 0.0
1.0 0.0 0.15555555555555556 0.0
1.1 0.0 0.17111111111111113 0.0
1.2000000000000002 0.0 0.1866666666666667 0.0
1.3 0.0 0.20222222222222222 0.0
1.4000000000000001 0.0 0.2177777777777778 0.0
1.5 0.0 0.23333333333333334 0.0
1.6 0.0 0.2488888888888889 0.0
1.7000000000000002 0.0 0.2644444444444445 0.0
1.8 0.0 0.28 0.0
1.9000000000000001 0.0 0.29555555555555557 0.0
2.0 0.0 0.3111111111111111 0.0
2.1 0.0 0.32666666666666666 0.0
2.2 0.0 0.34222222222222226 0.0
2.3000000000000003 0.0 0.3577777777777778 0.0
2.4000000000000004 0.0 0.3733333333333334 0.0
2.5 0.0 0.3888888888888889 0.0
2.6 0.0 0.40444444444444444 0.0
2.7 0.0 0.42000000000000004 0.0
2.8000000000000003 0.0 0.4355555555555556 0.0
2.9000000000000004 0.0 0.4511111111111112 0.0
3.0 0.0 0.4666666666666667 0.0
3.1 0.0 0.4822222222222222 0.0
3.2 0.0 0.4977777777777778 0.0
3.3000000000000003 0.0 0.5133333333333334 0.0
3.4000000000000004 0.0 0.528888888888889 0.0
3.5 0.0 0.5444444444444445 0.0
3.6 0.0 0.56 0.0
3.7 0.0 0.5755555555555556 0.0
3.8000000000000003 0.0 0.5911111111111111 0.0
3.9000000000000004 0.0 0.6066666666666667 0.0
4.0 0.0 0.6222222222222222 0.0
4.1000000000000005 0.0 0.6377777777777779 0.0
4.2 0.0 0.6533333333333333 0.0
4.3 0.0 0.6688888888888889 0.0
4.4 0.0 0.6844444444444445 0.0
4.5 0.0 0.7 0.0
4.6000000000000005 0.0 0.7 0.0
4.7 0.0 0.7 0.0
4.800000000000001 0.0 0.7 0.0
4.9 0.0 0.7 0.0
5.0 0.0 0.7 0.0
5.1000000000000005 0.0 0.7 0.0
5.2 0.0 0.7 0.0
5.300000000000001 0.0 0.7 0.0
5.4 0.0 0.7 0.0
5.5 0.0 0.7 0.0
5.6000000000000005 0.0 0.7 0.0
5.7 0.0 0.7 0.0
5.800000000000001 0.0 0.7 0.0
5.9 0.0 0.7 0.0
6.0 0.0 0.7 0.0
6.1000000000000005 0.0 0.7 0.0
6.2 0.0 0.7 0.0
6.300000000000001 0.0 0.7 0.0
6.4 0.0 0.7 0.0
6.5 0.0 0.7 0.0
6.6000000000000005 0.0 0.7 0.0
6.7 0.0 0.7 0.0
6.800000000000001 0.0 0.7 0.0
6.9 0.0 0.7 0.0
7.0 0.0 0.7 0.0
7.1000000000000005 0.0 0.7 0.0
7.2 0.0 0.7 0.0
7.300000000000001 0.0 0.7 0.0
7.4 0.0 0.7 0.0
7.5 0.0 0.7 0.0
7.6000000000000005 0.0 0.7 0.0
7.7 0.0 0.7 0.0
7.800000000000001 0.0 0.7 0.0
7.9 0.0 0.7 0.0
8.0 0.0 0.7 0.0
8.1 0.0 0.7 0.0
8.200000000000001 0.0 0.7 0.0
8.3 0.0 0.7 0.0
8.4 0.0 0.7 0.0
8.5 0.0 0.7 0.0
8.6 0.0 0.7 0.0
8.700000000000001 0.0 0.7 0.0
8.8 0.0 0.7 0.0
8.9 0.0 0.7 0.0
9.0 0.0 0.7 0.0
9.1 0.0 0.7 0.0
9.200000000000001 0.0 0.7 0.0
9.3 0.0 0.7 0.0
9.4 0.0 0.7 0.0
9.5 0.0 0.7 0.0
9.600000000000001 0.0 0.7 0.0
9.700000000000001 0.0 0.7 0.0
9.8 0.0 0.7 0.0
9.9 0.0 0.7 0.0
10.0 0.0 0.7 0.0
10.100000000000001 0.062666616782153 0.5599999999999987 0.0
10.200000000000001 0.12434494358242805 0.41999999999999815 0.0
10.3 0.18406227634233938 0.27999999999999936 0.0
10.4 0.24087683705085786 0.14000000000000057 0.0
10.5 0.29389262614623657 0.0 0.0
10.600000000000001 0.342273552964345 0 0.0
10.700000000000001 0.385256621387895 0 0.0
10.8 0.4221639627510078 0 0.0
10.9 0.45241352623300984 0 0.0
11.0 0.47552825814757677 0 0.0
11.100000000000001 0.49114362536434447 0 0.0
11.200000000000001 0.49901336421413583 0 0.0
11.3 0.4990133642141358 0 0.0
11.4 0.4911436253643443 0 0.0
11.5 0.4755282581475768 0 0.0
11.600000000000001 0.45241352623300934 0 0.0
11.700000000000001 0.4221639627510072 0 0.0
11.8 0.38525662138789435 0 0.0
11.9 0.34227355296434425 0 0.0
12.0 0.2938926261462366 0 0.0
12.100000000000001 0.24087683705085683 0 0.0
12.200000000000001 0.18406227634233846 0 0.0
12.3 0.12434494358242698 0 0.0
12.4 0.06266661678215205 0 0.0
12.5 6.123233995736766e-17 0 0.0
12.600000000000001 -0.06266661678215303 0 0.0
12.700000000000001 -0.12434494358242794 0 0.0
12.8 -0.18406227634233938 0 0.0
12.9 -0.2408768370508577 0 0.0
13.0 -0.2938926261462365 0 0.0
13.100000000000001 -0.342273552964345 0 0.0
13.200000000000001 -0.38525662138789496 0 0.0
13.3 -0.42216396275100765 0 0.0
13.4 -0.4524135262330099 0 0.0
13.5 -0.47552825814757677 0 0.0
13.600000000000001 -0.4911436253643445 0 0.0
13.700000000000001 -0.49901336421413583 0 0.0
13.8 -0.4990133642141358 0 0.0
13.9 -0.4911436253643443 0 0.0
14.0 -0.4755282581475768 0 0.0
14.100000000000001 -0.4524135262330094 0 0.0
14.200000000000001 -0.42216396275100726 0 0.0
14.3 -0.3852566213878945 0 0.0
14.4 -0.34227355296434414 0 0.0
14.5 -0.2938926261462367 0 0.0
14.600000000000001 -0.24087683705085688 0 0.0
14.700000000000001 -0.18406227634233852 0 0.0
14.8 -0.12434494358242724 0 0.0
14.9 -0.0626666167821519 0 0.0
15.0 -1.2246467991473532e-16 0 0.0
15.100000000000001 0 0.020000000000000462 0.0
15.200000000000001 0 0.04000000000000048 0.0
15.3 0 0.0600000000000005 0.0
15.4 0 0.08000000000000007 0.0
15.5 0 0.10000000000000009 0.0
15.600000000000001 0 0.12000000000000055 0.0
15.700000000000001 0 0.14000000000000057 0.0
15.8 0 0.16000000000000014 0.0
15.9 0 0.18000000000000016 0.0
16.0 0 0.20000000000000018 0.0
16.1 0 0.18999999999999972 0.0
16.2 0 0.17999999999999994 0.0
16.3 0 0.16999999999999993 0.0
16.400000000000002 0 0.1599999999999997 0.0
16.5 0 0.1499999999999999 0.0
16.6 0 0.1399999999999999 0.0
16.7 0 0.13000000000000012 0.0
16.8 0 0.11999999999999988 0.0
16.900000000000002 0 0.10999999999999965 0.0
17.0 0 0.09999999999999987 0.0
17.1 0 0.08999999999999986 0.0
17.2 0 0.08000000000000007 0.0
17.3 0 0.06999999999999984 0.0
17.400000000000002 0 0.05999999999999983 0.0
17.5 0 0.050000000000000044 0.0
17.6 0 0.039999999999999813 0.0
17.7 0 0.030000000000000027 0.0
17.8 0 0.019999999999999796 0.0
17.900000000000002 0 0.009999999999999787 0.0
18.0 0 0.0 0.0
18.1 0 0 0.0
18.2 0 0 0.0
18.3 0 0 0.0
18.400000000000002 0 0 0.0
18.5 0 0 0.0
18.6 0 0 0.0
18.7 0 0 0.0
18.8 0 0 0.0
18.900000000000002 0 0 0.0
19.0 0 0 0.0
19.1 0 0 0.0
19.200000000000003 0 0 0.0
19.3 0 0 0.0
19.400000000000002 0 0 0.0
19.5 0 0 0.0
19.6 0 0 0.0
19.700000000000003 0 0 0.0
19.8 0 0 0.0
19.900000000000002 0 0 0.0
20.0 0 0 0.0
20.1 -0.062666616782153 0 0.0
20.200000000000003 -0.12434494358242912 0 0.0
20.3 -0.18406227634233938 0 0.0
20.400000000000002 -0.24087683705085883 0 0.0
20.5 -0.29389262614623657 0 0.0
20.6 -0.342273552964345 0 0.0
20.700000000000003 -0.38525662138789574 0 0.0
20.8 -0.4221639627510078 0 0.0
20.900000000000002 -0.45241352623301034 0 0.0
21.0 -0.47552825814757677 0 0.0
21.1 -0.49114362536434447 0 0.0
21.200000000000003 -0.4990133642141359 0 0.0
21.3 -0.4990133642141358 0 0.0
21.400000000000002 -0.4911436253643441 0 0.0
21.5 -0.4755282581475768 0 0.0
21.6 -0.45241352623300934 0 0.0
21.700000000000003 -0.42216396275100665 0 0.0
21.8 -0.38525662138789435 0 0.0
21.900000000000002 -0.3422735529643435 0 0.0
22.0 -0.2938926261462366 0 0.0
22.1 -0.24087683705085683 0 0.0
22.200000000000003 -0.18406227634233743 0 0.0
22.3 -0.12434494358242698 0 0.0
22.400000000000002 -0.06266661678215095 0 0.0
22.5 -6.123233995736766e-17 0 0.0
22.6 0.06266661678215303 0 0.0
22.700000000000003 0.12434494358242901 0 0.0
22.8 0.18406227634233938 0 0.0
22.900000000000002 0.24087683705085866 0 0.0
23.0 0.2938926261462365 0 0.0
23.1 0.342273552964345 0 0.0
23.200000000000003 0.3852566213878958 0 0.0
23.3 0.42216396275100765 0 0.0
23.400000000000002 0.45241352623301023 0 0.0
23.5 0.47552825814757677 0 0.0
23.6 0.4911436253643445 0 0.0
23.700000000000003 0.4990133642141359 0 0.0
23.8 0.4990133642141358 0 0.0
23.900000000000002 0.49114362536434414 0 0.0
24.0 0.4755282581475768 0 0.0
24.1 0.4524135262330094 0 0.0
24.200000000000003 0.42216396275100654 0 0.0
24.3 0.3852566213878945 0 0.0
24.400000000000002 0.34227355296434353 0 0.0
24.5 0.2938926261462367 0 0.0
24.6 0.24087683705085688 0 0.0
24.700000000000003 0.18406227634233727 0 0.0
24.8 0.12434494358242724 0 0.0
24.900000000000002 0.062666616782151 0 0.0
25.0 1.2246467991473532e-16 0 0.0
25.1 0 0 0.010000000000000231
25.200000000000003 0 0 0.020000000000000462
25.3 0 0 0.03000000000000025
25.400000000000002 0 0 0.04000000000000048
25.5 0 0 0.050000000000000266
25.6 0 0 0.0600000000000005
25.700000000000003 0 0 0.07000000000000028
25.8 0 0 0.08000000000000007
25.900000000000002 0 0 0.0900000000000003
26.0 0 0 0.10000000000000009
26.1 0 0 0.11000000000000032
26.200000000000003 0 0 0.12000000000000055
26.3 0 0 0.13000000000000034
26.400000000000002 0 0 0.14000000000000057
26.5 0 0 0.15000000000000036
26.6 0 0 0.16000000000000014
26.700000000000003 0 0 0.17000000000000037
26.8 0 0 0.18000000000000016
26.900000000000002 0 0 0.1900000000000004
27.0 0 0 0.20000000000000018
27.1 0 0 0.2100000000000004
27.200000000000003 0 0 0.22000000000000064
27.3 0 0 0.23000000000000043
27.400000000000002 0 0 0.2400000000000002
27.5 0 0 0.25
27.6 0 0 0.26000000000000023
27.700000000000003 0 0 0.27000000000000046
27.8 0 0 0.28000000000000025
27.900000000000002 0 0 0.2900000000000005
28.0 0 0 0.30000000000000027
28.1 0 0 0.3100000000000005
28.200000000000003 0 0 0.3200000000000003
28.3 0 0 0.33000000000000007
28.400000000000002 0 0 0.3400000000000003
28.5 0 0 0.3500000000000001
28.6 0 0 0.3600000000000003
28.700000000000003 0 0 0.37000000000000055
28.8 0 0 0.38000000000000034
28.900000000000002 0 0 0.39000000000000057
29.0 0 0 0.40000000000000036
29.1 0 0 0.41000000000000014
29.200000000000003 0 0 0.4200000000000004
29.3 0 0 0.43000000000000016
29.400000000000002 0 0 0.4400000000000004
29.5 0 0 0.4500000000000002
29.6 0 0 0.4600000000000004
29.700000000000003 0 0 0.47000000000000064
29.8 0 0 0.4800000000000004
29.900000000000002 0 0 0.4900000000000002
30.0 0 0 0.5
