0.000000 -501.371000 -0.001000 0.000000
0.050000 -501.368044 -0.001138 0.000078
0.100000 -501.352315 -0.001157 -0.000571
0.150000 -501.323348 -0.001783 -0.002340
0.200000 -501.279721 -0.003534 -0.005016
0.250000 -501.219002 -0.006587 -0.007764
0.300000 -501.142270 -0.011049 -0.010519
0.350000 -501.053028 -0.016549 -0.013217
0.400000 -500.952073 -0.022957 -0.016214
0.450000 -500.839116 -0.030545 -0.019805
0.500000 -500.713969 -0.039283 -0.023884
0.550000 -500.576769 -0.049523 -0.028488
0.600000 -500.427726 -0.061297 -0.033439
0.650000 -500.266966 -0.074771 -0.038672
0.700000 -500.094522 -0.090162 -0.044302
0.750000 -499.910448 -0.107440 -0.050107
0.800000 -499.714774 -0.126885 -0.056136
0.850000 -499.507430 -0.148631 -0.062492
0.900000 -499.288404 -0.172753 -0.069106
0.950000 -499.057715 -0.199207 -0.075726
1.000000 -498.815352 -0.228137 -0.082296
1.050000 -498.561300 -0.259702 -0.088914
1.100000 -498.295620 -0.294032 -0.095560
1.150000 -498.018364 -0.331245 -0.102161
1.200000 -497.729498 -0.371388 -0.108647
1.250000 -497.428968 -0.414537 -0.115020
1.300000 -497.116810 -0.460687 -0.121196
1.350000 -496.793103 -0.509820 -0.127047
1.400000 -496.457884 -0.561901 -0.132499
1.450000 -496.111911 -0.616765 -0.137264
1.500000 -495.755591 -0.674182 -0.141401
1.550000 -495.388969 -0.733999 -0.145019
1.600000 -495.011987 -0.796084 -0.148077
1.650000 -494.624532 -0.860372 -0.150567
1.700000 -494.226483 -0.926674 -0.152478
1.750000 -493.817761 -0.994834 -0.153833
1.800000 -493.398301 -1.064647 -0.154632
1.850000 -492.968055 -1.136029 -0.154915
1.900000 -492.526955 -1.208791 -0.154697
1.950000 -492.074868 -1.282593 -0.153853
2.000000 -491.611620 -1.357133 -0.152344
2.050000 -491.137116 -1.432407 -0.150395
2.100000 -490.651340 -1.508314 -0.148152
2.150000 -490.154176 -1.584589 -0.145526
2.200000 -489.645139 -1.660987 -0.142466
2.250000 -489.122979 -1.737102 -0.139095
2.300000 -488.589736 -1.811594 -0.136736
2.350000 -488.047827 -1.884811 -0.134954
2.400000 -487.497483 -1.957331 -0.133115
2.450000 -486.938778 -2.029615 -0.130993
2.500000 -486.371668 -2.101739 -0.128620
2.550000 -485.796052 -2.173063 -0.125881
2.600000 -485.211901 -2.243104 -0.122747
2.650000 -484.619234 -2.311969 -0.119376
2.700000 -484.018090 -2.379936 -0.115855
2.750000 -483.408450 -2.446766 -0.112093
2.800000 -482.790291 -2.512049 -0.108170
2.850000 -482.163612 -2.575719 -0.104331
2.900000 -481.528410 -2.637778 -0.100419
2.950000 -480.884707 -2.698361 -0.096389
3.000000 -480.232519 -2.757570 -0.092544
3.050000 -479.571832 -2.815110 -0.088827
3.100000 -478.902652 -2.870911 -0.085148
3.150000 -478.224988 -2.925035 -0.081485
3.200000 -477.538852 -2.977508 -0.077834
3.250000 -476.844243 -3.028256 -0.074258
3.300000 -476.141154 -3.076968 -0.070580
3.350000 -475.429599 -3.123692 -0.066904
3.400000 -474.709586 -3.168538 -0.063316
3.450000 -473.981118 -3.211374 -0.059661
3.500000 -473.244211 -3.252249 -0.056094
3.550000 -472.498866 -3.291190 -0.052726
3.600000 -471.745088 -3.328079 -0.049370
3.650000 -470.982883 -3.362835 -0.045952
3.700000 -470.212254 -3.395307 -0.042471
3.750000 -469.433222 -3.425610 -0.039108
3.800000 -468.645785 -3.453978 -0.035973
3.850000 -467.849952 -3.480401 -0.032905
3.900000 -467.045730 -3.504728 -0.029861
3.950000 -466.233124 -3.526745 -0.026828
4.000000 -465.412138 -3.546385 -0.023765
4.050000 -464.582780 -3.563721 -0.020639
4.100000 -463.745057 -3.578768 -0.017471
4.150000 -462.898978 -3.591418 -0.014321
4.200000 -462.044550 -3.601573 -0.011224
4.250000 -461.181778 -3.609021 -0.008014
4.300000 -460.310674 -3.613613 -0.004605
4.350000 -459.431251 -3.615384 -0.001187
4.400000 -458.543511 -3.614417 0.002117
4.450000 -457.647458 -3.610872 0.005236
4.500000 -456.743098 -3.604666 0.008280
4.550000 -455.830449 -3.595635 0.011311
4.600000 -454.909517 -3.583866 0.014176
4.650000 -453.980299 -3.569369 0.016983
4.700000 -453.042811 -3.552190 0.019815
4.750000 -452.097051 -3.532478 0.022484
4.800000 -451.143027 -3.510133 0.025044
4.850000 -450.180956 -3.485123 0.027575
4.900000 -449.211532 -3.457474 0.030089
4.950000 -448.235477 -3.427168 0.032621
5.000000 -447.253438 -3.394184 0.035155
5.050000 -446.265997 -3.358543 0.037700
5.100000 -445.273663 -3.320302 0.040223
5.150000 -444.276908 -3.279522 0.042712
5.200000 -443.276151 -3.236255 0.045117
5.250000 -442.271795 -3.190326 0.047597
5.300000 -441.264194 -3.141802 0.050072
5.350000 -440.253654 -3.090806 0.052459
5.400000 -439.240457 -3.037499 0.054736
5.450000 -438.224859 -2.982027 0.056845
5.500000 -437.207105 -2.924254 0.058929
5.550000 -436.187411 -2.864271 0.060912
5.600000 -435.165962 -2.802244 0.062748
5.650000 -434.142931 -2.738166 0.064607
5.700000 -433.118473 -2.672183 0.066395
5.750000 -432.092728 -2.604391 0.068020
5.800000 -431.065821 -2.534918 0.069497
5.850000 -430.037857 -2.463949 0.070821
5.900000 -429.008954 -2.391391 0.072160
5.950000 -427.979206 -2.317290 0.073453
6.000000 -426.948703 -2.241729 0.074664
6.050000 -425.917530 -2.164652 0.075974
6.100000 -424.885751 -2.086182 0.077304
6.150000 -423.853429 -2.006377 0.078562
6.200000 -422.820637 -1.925100 0.079871
6.250000 -421.787422 -1.842458 0.081157
6.300000 -420.753824 -1.758587 0.082340
6.350000 -419.719895 -1.673422 0.083536
6.400000 -418.685669 -1.587067 0.084651
6.450000 -417.651174 -1.499638 0.085611
6.500000 -416.616446 -1.411109 0.086553
6.550000 -415.581503 -1.321637 0.087408
6.600000 -414.546361 -1.231360 0.088105
6.650000 -413.511051 -1.140231 0.088777
6.700000 -412.475584 -1.048388 0.089367
6.750000 -411.439966 -0.955974 0.089825
6.800000 -410.404219 -0.862946 0.090288
6.850000 -409.368353 -0.769416 0.090696
6.900000 -408.332369 -0.675490 0.090993
6.950000 -407.296290 -0.581106 0.091319
7.000000 -406.260121 -0.486376 0.091613
7.050000 -405.223863 -0.391396 0.091812
7.100000 -404.187532 -0.296088 0.092042
7.150000 -403.151132 -0.200550 0.092236
7.200000 -402.114660 -0.104885 0.092330
7.250000 -401.078114 -0.009207 0.092323
7.300000 -400.041488 0.086368 0.092192
7.350000 -399.004801 0.181949 0.092071
7.400000 -397.968054 0.277486 0.091912
7.450000 -396.931243 0.372880 0.091680
7.500000 -395.894376 0.468170 0.091516
7.550000 -394.857447 0.563260 0.091343
7.600000 -393.820455 0.658096 0.091084
7.650000 -392.783414 0.752763 0.090849
7.700000 -391.746317 0.847141 0.090571
7.750000 -390.709155 0.941105 0.090184
7.800000 -389.671935 1.034704 0.089786
7.850000 -388.634650 1.127839 0.089304
7.900000 -387.597294 1.220387 0.088680
7.950000 -386.559868 1.312354 0.088030
8.000000 -385.522363 1.403600 0.087295
8.050000 -384.484770 1.494012 0.086421
8.100000 -383.447093 1.583624 0.085523
8.150000 -382.409326 1.672306 0.084555
8.200000 -381.371458 1.759940 0.083475
8.250000 -380.333497 1.846561 0.082399
8.300000 -379.295435 1.932064 0.081268
8.350000 -378.257266 2.016358 0.080040
8.400000 -377.218996 2.099484 0.078827
8.450000 -376.180627 2.181494 0.077683
8.500000 -375.142160 2.262307 0.076509
8.550000 -374.103587 2.341799 0.075242
8.600000 -373.064905 2.419957 0.073966
8.650000 -372.026111 2.496656 0.072593
8.700000 -370.987202 2.571809 0.071057
8.750000 -369.948182 2.645433 0.069465
8.800000 -368.909043 2.717367 0.067770
8.850000 -367.869779 2.787470 0.065940
8.900000 -366.830395 2.855764 0.064080
8.950000 -365.790897 2.922290 0.062241
9.000000 -364.751284 2.986939 0.060350
9.050000 -363.711549 3.049560 0.058368
9.100000 -362.671692 3.110134 0.056384
9.150000 -361.631714 3.168558 0.054317
9.200000 -360.591619 3.224768 0.052114
9.250000 -359.551410 3.278780 0.049880
9.300000 -358.511091 3.330577 0.047669
9.350000 -357.470660 3.380037 0.045397
9.400000 -356.430122 3.427054 0.043015
9.450000 -355.389477 3.471615 0.040600
9.500000 -354.348732 3.513716 0.038178
9.550000 -353.307891 3.553252 0.035667
9.600000 -352.266955 3.590089 0.033024
9.650000 -351.225933 3.624164 0.030321
9.700000 -350.184824 3.655456 0.027585
9.750000 -349.143639 3.683983 0.024814
9.800000 -348.102385 3.709604 0.021942
9.850000 -347.061068 3.732114 0.018933
9.900000 -346.019694 3.751433 0.015847
9.950000 -344.978272 3.767558 0.012691
10.000000 -343.936812 3.780510 0.009473
10.050000 -342.895324 3.790119 0.006152
10.100000 -341.853824 3.796161 0.002705
10.150000 -340.812317 3.798566 -0.000816
10.200000 -339.770814 3.797354 -0.004407
10.250000 -338.729328 3.792544 -0.008049
10.300000 -337.687873 3.783957 -0.011776
10.350000 -336.646472 3.771386 -0.015605
10.400000 -335.605135 3.754785 -0.019499
10.450000 -334.563879 3.734188 -0.023455
10.500000 -333.522719 3.709605 -0.027455
10.550000 -332.481670 3.680946 -0.031469
10.600000 -331.440757 3.648091 -0.035498
10.650000 -330.399998 3.610904 -0.039630
10.700000 -329.359419 3.569281 -0.043931
10.750000 -328.319041 3.523162 -0.048356
10.800000 -327.278893 3.472451 -0.052879
10.850000 -326.238997 3.417070 -0.057488
10.900000 -325.199378 3.356950 -0.062177
10.950000 -324.160064 3.292003 -0.066941
11.000000 -323.121085 3.222124 -0.071777
11.050000 -322.082470 3.147213 -0.076695
11.100000 -321.044252 3.067180 -0.081707
11.150000 -320.006463 2.981938 -0.086821
11.200000 -318.969142 2.891379 -0.092042
11.250000 -317.932333 2.795335 -0.097411
11.300000 -316.896084 2.693643 -0.102953
11.350000 -315.860436 2.586207 -0.108636
11.400000 -314.825429 2.472947 -0.114434
11.450000 -313.791108 2.353788 -0.120320
11.500000 -312.757513 2.228635 -0.126271
11.550000 -311.724695 2.097393 -0.132272
11.600000 -310.692701 1.959987 -0.138322
11.650000 -309.661576 1.816355 -0.144429
11.700000 -308.631367 1.666431 -0.150600
11.750000 -307.602130 1.510129 -0.156842
11.800000 -306.573918 1.347364 -0.163167
11.850000 -305.546787 1.178048 -0.169594
11.900000 -304.520798 1.002089 -0.176137
11.950000 -303.496014 0.819386 -0.182801
12.000000 -302.472503 0.629820 -0.189597
12.050000 -301.450331 0.433300 -0.196511
12.100000 -300.429563 0.229737 -0.203540
12.150000 -299.410276 0.019026 -0.210690
12.200000 -298.392545 -0.198940 -0.217955
12.250000 -297.376443 -0.424250 -0.225314
12.300000 -296.362040 -0.656968 -0.232753
12.350000 -295.349397 -0.897118 -0.240239
12.400000 -294.338572 -1.144719 -0.247743
12.450000 -293.329623 -1.399769 -0.255228
12.500000 -292.322598 -1.662245 -0.262664
12.550000 -291.317539 -1.932096 -0.270032
12.600000 -290.314480 -2.209249 -0.277311
12.650000 -289.313454 -2.493629 -0.284493
12.700000 -288.314493 -2.785158 -0.291574
12.750000 -287.317607 -3.083712 -0.298529
12.800000 -286.322809 -3.389161 -0.305354
12.850000 -285.330124 -3.701428 -0.312087
12.900000 -284.339589 -4.020456 -0.318759
12.950000 -283.351240 -4.346209 -0.325402
13.000000 -282.365115 -4.678650 -0.332051
13.050000 -281.381256 -5.017746 -0.338733
13.100000 -280.399706 -5.363480 -0.345458
13.150000 -279.420525 -5.715863 -0.352229
13.200000 -278.443764 -6.074898 -0.359040
13.250000 -277.469461 -6.440556 -0.365868
13.300000 -276.497651 -6.812787 -0.372681
13.350000 -275.528380 -7.191580 -0.379484
13.400000 -274.561699 -7.576932 -0.386269
13.450000 -273.597647 -7.968824 -0.393029
13.500000 -272.636258 -8.367217 -0.399767
13.550000 -271.677565 -8.772058 -0.406480
13.600000 -270.721596 -9.183297 -0.413155
13.650000 -269.768376 -9.600884 -0.419779
13.700000 -268.817909 -10.024723 -0.426318
13.750000 -267.870190 -10.454699 -0.432749
13.800000 -266.925233 -10.890735 -0.439092
13.850000 -265.983062 -11.332780 -0.445366
13.900000 -265.043699 -11.780787 -0.451583
13.950000 -264.107162 -12.234697 -0.457770
14.000000 -263.173467 -12.694444 -0.463944
14.050000 -262.242634 -13.159977 -0.470109
14.100000 -261.314692 -13.631262 -0.476261
14.150000 -260.389671 -14.108271 -0.482400
14.200000 -259.467562 -14.590911 -0.488489
14.250000 -258.548357 -15.079087 -0.494501
14.300000 -257.632075 -15.572752 -0.500458
14.350000 -256.718748 -16.071880 -0.506370
14.400000 -255.808401 -16.576440 -0.512251
14.450000 -254.901050 -17.086388 -0.518115
14.500000 -253.996702 -17.601664 -0.523968
14.550000 -253.095373 -18.122222 -0.529805
14.600000 -252.197085 -18.648027 -0.535613
14.650000 -251.301851 -19.179037 -0.541386
14.700000 -250.409678 -19.715192 -0.547118
14.750000 -249.520565 -20.256425 -0.552803
14.800000 -248.634517 -20.802674 -0.558429
14.850000 -247.751534 -21.353881 -0.563988
14.900000 -246.871607 -21.909976 -0.569477
14.950000 -245.994730 -22.470885 -0.574899
15.000000 -245.120890 -23.036533 -0.580251
15.050000 -244.250042 -23.606802 -0.585490
15.100000 -243.382134 -24.181561 -0.590583
15.150000 -242.517157 -24.760745 -0.595584
15.200000 -241.655117 -25.344314 -0.600527
15.250000 -240.796033 -25.932246 -0.605442
15.300000 -239.939911 -26.524509 -0.610360
15.350000 -239.086763 -27.121059 -0.615306
15.400000 -238.236594 -27.721866 -0.620282
15.450000 -237.389433 -28.326919 -0.625276
15.500000 -236.545299 -28.936203 -0.630275
15.550000 -235.704200 -29.549686 -0.635266
15.600000 -234.866138 -30.167322 -0.640237
15.650000 -234.031107 -30.789066 -0.645162
15.700000 -233.199153 -31.414931 -0.650074
15.750000 -232.370314 -32.044925 -0.654998
15.800000 -231.544560 -32.678972 -0.659878
15.850000 -230.721843 -33.316969 -0.664678
15.900000 -229.902101 -33.958806 -0.669362
15.950000 -229.085291 -34.604389 -0.673903
16.000000 -228.271370 -35.253634 -0.678288
16.050000 -227.460288 -35.906445 -0.682529
16.100000 -226.651984 -36.562715 -0.686649
16.150000 -225.846411 -37.222353 -0.690675
16.200000 -225.043541 -37.885297 -0.694627
16.250000 -224.243357 -38.551501 -0.698535
16.300000 -223.445845 -39.220918 -0.702428
16.350000 -222.650999 -39.893515 -0.706334
16.400000 -221.858826 -40.569274 -0.710262
16.450000 -221.069408 -41.248257 -0.714276
16.500000 -220.282820 -41.930523 -0.718414
16.550000 -219.499073 -42.616054 -0.722616
16.600000 -218.718149 -43.304806 -0.726830
16.650000 -217.940016 -43.996719 -0.731009
16.700000 -217.164654 -44.691749 -0.735099
16.750000 -216.392041 -45.389847 -0.739062
16.800000 -215.622133 -46.090943 -0.742888
16.850000 -214.854936 -46.795012 -0.746654
16.900000 -214.090458 -47.502043 -0.750407
16.950000 -213.328649 -48.211958 -0.754091
17.000000 -212.569433 -48.924661 -0.757682
17.050000 -211.812723 -49.640038 -0.761173
17.100000 -211.058457 -50.358002 -0.764552
17.150000 -210.306678 -51.078583 -0.767890
17.200000 -209.557435 -51.801812 -0.771249
17.250000 -208.810676 -52.527616 -0.774592
17.300000 -208.066323 -53.255904 -0.777905
17.350000 -207.324314 -53.986594 -0.781164
17.400000 -206.584718 -54.719732 -0.784424
17.450000 -205.847611 -55.455375 -0.787721
17.500000 -205.112952 -56.193472 -0.790998
17.550000 -204.380661 -56.933926 -0.794236
17.600000 -203.650661 -57.676647 -0.797404

5.000000 -451.350509 0.100168 0.027731
5.050000 -449.736398 0.144940 0.033922
5.100000 -448.121529 0.199741 0.033057
5.150000 -446.509309 0.253056 0.027683
5.200000 -444.899518 0.297631 0.037321
5.250000 -443.282204 0.358019 0.043696
5.300000 -441.665792 0.428695 0.046215
5.350000 -440.052261 0.503317 0.045921
5.400000 -438.441401 0.577342 0.059969
5.450000 -436.824400 0.674428 0.066667
5.500000 -435.208852 0.782292 0.066351
5.550000 -433.595967 0.889465 0.061417
5.600000 -431.985266 0.988515 0.069952
5.650000 -430.368211 1.101816 0.074012
5.700000 -428.752400 1.221625 0.073837
5.750000 -427.139266 1.340951 0.071130
5.800000 -425.528508 1.455718 0.083706
5.850000 -423.912064 1.591341 0.089245
5.900000 -422.297184 1.735845 0.088193
5.950000 -420.684849 1.878412 0.082922
6.000000 -419.074478 2.012254 0.090944
6.050000 -417.457980 2.159672 0.093691
6.100000 -415.842663 2.311458 0.091825
6.150000 -414.229763 2.459980 0.087402
6.200000 -412.618914 2.601131 0.082679
6.250000 -411.010107 2.734449 0.097298
6.300000 -409.397904 2.891810 0.105536
6.350000 -407.788475 3.062297 0.106053
6.400000 -406.181821 3.233330 0.100136
6.450000 -404.576867 3.394583 0.102178
6.500000 -402.965135 3.559843 0.100301
6.550000 -401.353851 3.722000 0.095515
6.600000 -399.744501 3.876186 0.089762
6.650000 -398.136978 4.020869 0.101307
6.700000 -396.523819 4.184855 0.106372
6.750000 -394.912213 4.356935 0.104399
6.800000 -393.302962 4.525552 0.097177
6.850000 -391.695223 4.682280 0.099891
6.900000 -390.080596 4.844106 0.098289
6.950000 -388.466429 5.003273 0.093156
7.000000 -386.854162 5.153900 0.086382
7.050000 -385.243605 5.293370 0.079915
7.100000 -383.634869 5.422207 0.092462
7.150000 -382.022339 5.571731 0.098660
7.200000 -380.412197 5.731105 0.096870
7.250000 -378.804462 5.887336 0.088191
7.300000 -377.198117 6.029370 0.085679
7.350000 -375.584392 6.167971 0.080196
7.400000 -373.970740 6.297657 0.072699
7.450000 -372.358857 6.415047 0.064881
7.500000 -370.748797 6.519656 0.074168
7.550000 -369.132505 6.639754 0.077327
7.600000 -367.517406 6.764895 0.073324
7.650000 -365.904516 6.883371 0.063604
7.700000 -364.293245 6.985992 0.061719
7.750000 -362.674677 7.086016 0.056515
7.800000 -361.056456 7.177568 0.048618
7.850000 -359.440264 7.256206 0.039612
7.900000 -357.826129 7.320178 0.045532
7.950000 -356.205344 7.394027 0.045616
8.000000 -354.585499 7.467969 0.039458
8.050000 -352.967935 7.531827 0.028719
8.100000 -351.352479 7.578235 0.027158
8.150000 -349.730057 7.622308 0.021939
8.200000 -348.108410 7.657891 0.013442
8.250000 -346.489226 7.679658 0.003193
8.300000 -344.872607 7.684819 0.006066
8.350000 -343.249167 7.694667 0.003599
8.400000 -341.626751 7.700507 -0.004313
8.450000 -340.007048 7.693521 -0.015999
8.500000 -338.390240 7.667652 -0.017887
8.550000 -336.766732 7.638609 -0.023612
8.600000 -335.144478 7.600298 -0.032960
8.650000 -333.525360 7.546913 -0.044451
8.700000 -331.909664 7.475047 -0.044117
8.750000 -330.287194 7.403422 -0.048616
8.800000 -328.666132 7.324549 -0.057966
8.850000 -327.048584 7.230681 -0.070568
8.900000 -325.435045 7.116627 -0.084424
8.950000 -323.825931 6.980456 -0.083275
9.000000 -322.211724 6.845722 -0.085776
9.050000 -320.599557 6.707097 -0.093427

6.300000 -425.524772 1.496957 0.085819
6.350000 -424.074602 1.621714 0.087953
6.400000 -422.624008 1.749629 0.082459
6.450000 -421.175156 1.869371 0.077162
6.500000 -419.716880 1.982118 0.069261
6.550000 -418.257934 2.083328 0.060379
6.600000 -416.800584 2.171429 0.052393
6.650000 -415.345012 2.247760 0.060707
6.700000 -413.883423 2.336598 0.065356
6.750000 -412.423288 2.432162 0.065223
6.800000 -410.965578 2.527373 0.060979
6.850000 -409.509912 2.616248 0.062999
6.900000 -408.048202 2.708457 0.060474
6.950000 -406.587430 2.796903 0.054428
7.000000 -405.128590 2.876384 0.046720
7.050000 -403.671617 2.944503 0.050810
7.100000 -402.208663 3.018900 0.051607
7.150000 -400.746934 3.094402 0.048883
7.200000 -399.287445 3.165804 0.043663
7.250000 -397.830041 3.229479 0.047772
7.300000 -396.366692 3.299440 0.047394
7.350000 -394.904501 3.368790 0.042991
7.400000 -393.444461 3.431598 0.036136
7.450000 -391.986463 3.484308 0.039329
7.500000 -390.522407 3.541917 0.038898
7.550000 -389.059504 3.598850 0.035035
7.600000 -387.598834 3.650045 0.029024
7.650000 -386.140322 3.692389 0.033185
7.700000 -384.675772 3.741008 0.033141
7.750000 -383.212408 3.789523 0.029176
7.800000 -381.751307 3.832165 0.022724
7.850000 -380.292400 3.865323 0.026027
7.900000 -378.827394 3.903462 0.025433
7.950000 -377.363555 3.940700 0.021263
8.000000 -375.902017 3.971780 0.014909
8.050000 -374.442751 3.993538 0.018737
8.100000 -372.977365 4.020999 0.018503
8.150000 -371.513168 4.048094 0.014488
8.200000 -370.051319 4.069274 0.008096
8.250000 -368.591805 4.081090 0.000873
8.300000 -367.134681 4.082363 0.006782
8.350000 -365.673136 4.092275 0.009290
8.400000 -364.213424 4.105836 0.007592
8.450000 -362.756128 4.116900 0.002338
8.500000 -361.301227 4.120301 0.004262
8.550000 -359.840235 4.126527 0.002272
8.600000 -358.380417 4.129844 -0.003251
8.650000 -356.923040 4.125106 -0.010865
8.700000 -355.468174 4.109299 -0.007584
8.750000 -354.006886 4.098216 -0.007225
8.800000 -352.546687 4.087665 -0.010277
8.850000 -351.088966 4.072683 -0.015937
8.900000 -349.633786 4.049490 -0.012584
8.950000 -348.172182 4.031096 -0.013178
9.000000 -346.711698 4.011849 -0.017673
9.050000 -345.253754 3.986080 -0.024798
9.100000 -343.798464 3.949984 -0.022300
9.150000 -342.336740 3.917382 -0.023002
9.200000 -340.876150 3.883780 -0.027030
9.250000 -339.418145 3.844360 -0.033339
9.300000 -337.962851 3.795824 -0.029827
9.350000 -336.501073 3.752210 -0.030079
9.400000 -335.040436 3.708262 -0.034170
9.450000 -333.582430 3.658423 -0.040922
9.500000 -332.127227 3.598840 -0.038356

7.850000 -392.857258 -3.057778 0.102025
7.900000 -391.321797 -2.900578 0.103344
7.950000 -389.787751 -2.741476 0.101705
8.000000 -388.246114 -2.584140 0.092967
8.050000 -386.705348 -2.440485 0.079689
8.100000 -385.165385 -2.317506 0.077058
8.150000 -383.621184 -2.198277 0.074115
8.200000 -382.079216 -2.083783 0.083417
8.250000 -380.532129 -1.954430 0.085825
8.300000 -378.987914 -1.821571 0.081622
8.350000 -377.445734 -1.695415 0.080876
8.400000 -375.899520 -1.570090 0.074916
8.450000 -374.355170 -1.454177 0.065260
8.500000 -372.812352 -1.353350 0.065702
8.550000 -371.266123 -1.251614 0.063424
8.600000 -369.722248 -1.153563 0.068792
8.650000 -368.172467 -1.046781 0.066992
8.700000 -366.624850 -0.942948 0.059185
8.750000 -365.079055 -0.851352 0.056534
8.800000 -363.528654 -0.763609 0.050199
8.850000 -361.980317 -0.685819 0.041217
8.900000 -360.433930 -0.622045 0.043038
8.950000 -358.883735 -0.555286 0.041111
9.000000 -357.336002 -0.491622 0.035360
9.050000 -355.790513 -0.436951 0.036851
9.100000 -354.241314 -0.379835 0.033052
9.150000 -352.694496 -0.328692 0.024512
9.200000 -351.149880 -0.290823 0.022482
9.250000 -349.601353 -0.256002 0.016743
9.300000 -348.055237 -0.230113 0.016835
9.350000 -346.502256 -0.203966 0.011513
9.400000 -344.951288 -0.186109 0.001692
9.450000 -343.402808 -0.183488 -0.001258
9.500000 -341.849741 -0.185441 -0.007608
9.550000 -340.299310 -0.197237 -0.016871
9.600000 -338.751642 -0.223350 -0.017101
9.650000 -337.199982 -0.249888 -0.021459
9.700000 -335.651043 -0.283131 -0.029842
9.750000 -334.105022 -0.329282 -0.031690
9.800000 -332.555392 -0.378406 -0.038008
9.850000 -331.008689 -0.437222 -0.048366
9.900000 -329.465259 -0.511930 -0.051702
9.950000 -327.918533 -0.591971 -0.058535
10.000000 -326.374971 -0.682426 -0.060300
10.050000 -324.825093 -0.775997 -0.067462
10.100000 -323.278286 -0.880506 -0.079277
10.150000 -321.735401 -1.003078 -0.085286
10.200000 -320.189128 -1.135274 -0.094188
10.250000 -318.646673 -1.280986 -0.105668
10.300000 -317.108564 -1.444123 -0.108214
10.350000 -315.567542 -1.611537 -0.114321
10.400000 -314.030143 -1.788064 -0.116589
10.450000 -312.487121 -1.968783 -0.125040
10.500000 -310.948255 -2.162212 -0.138669
10.550000 -309.414732 -2.376237 -0.147674
10.600000 -307.879525 -2.604609 -0.158948
10.650000 -306.349548 -2.849865 -0.172164
10.700000 -304.825495 -3.114877 -0.175681
10.750000 -303.299654 -3.385731 -0.182367
10.800000 -301.778203 -3.666311 -0.185317
10.850000 -300.252149 -3.952397 -0.194615
10.900000 -298.731364 -4.252159 -0.209464
10.950000 -297.217729 -4.573931 -0.220853
11.000000 -295.704813 -4.913604 -0.234381
11.050000 -294.199148 -5.273111 -0.241284
11.100000 -292.690627 -5.644326 -0.251254
11.150000 -291.188393 -6.029916 -0.264532
11.200000 -289.693911 -6.434742 -0.271965
11.250000 -288.199702 -6.851439 -0.282953
11.300000 -286.712648 -7.283805 -0.290829
11.350000 -285.224023 -7.729375 -0.303099
11.400000 -283.743454 -8.192401 -0.319297
11.450000 -282.273037 -8.678535 -0.330296
11.500000 -280.805558 -9.181668 -0.343509
11.550000 -279.347294 -9.703274 -0.351551
11.600000 -277.888479 -10.238349 -0.363306
11.650000 -276.438479 -10.789612 -0.378832
11.700000 -274.999619 -11.362363 -0.389712
11.750000 -273.564727 -11.951700 -0.403444
11.800000 -272.140445 -12.559667 -0.413337
11.850000 -270.717588 -13.183739 -0.426725
11.900000 -269.305573 -13.825730 -0.443582
11.950000 -267.906920 -14.490320 -0.455350
12.000000 -266.513787 -15.172496 -0.469498

11.450000 -312.461702 5.821038 -0.091560
11.500000 -310.778362 5.666480 -0.098729
11.550000 -309.097713 5.500010 -0.124415
11.600000 -307.414957 5.289563 -0.155817
11.650000 -305.742330 5.026809 -0.179605
11.700000 -304.069873 4.723156 -0.196940
11.750000 -302.405714 4.391113 -0.210275
11.800000 -300.748900 4.037500 -0.203863
11.850000 -299.087222 3.693973 -0.204387
11.900000 -297.428497 3.350151 -0.209686
11.950000 -295.766949 2.996550 -0.226549
12.000000 -294.114363 2.615619 -0.251864
12.050000 -292.474689 2.193685 -0.271936
12.100000 -290.841795 1.738363 -0.290025
12.150000 -289.220114 1.254389 -0.290348
12.200000 -287.593822 0.768467 -0.294188
12.250000 -285.972120 0.277125 -0.295743
12.300000 -284.345498 -0.218472 -0.307495
12.350000 -282.727518 -0.732290 -0.327325
12.400000 -281.122726 -1.277178 -0.343407
12.450000 -279.524329 -1.848725 -0.359943
12.500000 -277.938253 -2.445625 -0.363513
12.550000 -276.349293 -3.050095 -0.370792
12.600000 -274.767420 -3.665087 -0.382643
12.650000 -273.195574 -4.297724 -0.388125
12.700000 -271.624739 -4.939983 -0.399180
12.750000 -270.063710 -5.598467 -0.406896
12.800000 -268.502837 -6.271120 -0.419817
12.850000 -266.953376 -6.962727 -0.436857
12.900000 -265.418490 -7.679437 -0.443764
12.950000 -263.885910 -8.408006 -0.453198
13.000000 -262.362817 -9.149759 -0.454907
13.050000 -260.835918 -9.896599 -0.463569
13.100000 -259.318083 -10.655367 -0.478474
13.150000 -257.814240 -11.435370 -0.487566
13.200000 -256.314795 -12.230475 -0.499797
13.250000 -254.827673 -13.042502 -0.503801
13.300000 -253.338727 -13.863280 -0.512824
13.350000 -251.859721 -14.696067 -0.526515
13.400000 -250.394703 -15.547601 -0.532034
13.450000 -248.931610 -16.408854 -0.541622
13.500000 -247.479270 -17.282636 -0.555066
13.550000 -246.041211 -18.174371 -0.558561
13.600000 -244.604309 -19.072358 -0.566282
13.650000 -243.176770 -19.979896 -0.568820
13.700000 -241.746899 -20.894019 -0.578490
13.750000 -240.328306 -21.820378 -0.594369
13.800000 -238.926944 -22.767561 -0.603082
13.850000 -237.531275 -23.728718 -0.614166
13.900000 -236.148656 -24.703655 -0.615451
13.950000 -234.762549 -25.683721 -0.622329
14.000000 -233.385517 -26.671646 -0.634870
14.050000 -232.023261 -27.675085 -0.640923
14.100000 -230.664629 -28.688596 -0.651272
14.150000 -229.318808 -29.714398 -0.655149
14.200000 -227.972540 -30.748819 -0.664516
14.250000 -226.638250 -31.794056 -0.678809
14.300000 -225.321238 -32.856480 -0.684304
14.350000 -224.007931 -33.927883 -0.693211
14.400000 -222.706396 -35.009132 -0.694712
14.450000 -221.402465 -36.095684 -0.702739
14.500000 -220.109460 -37.190836 -0.716820
14.550000 -218.834135 -38.302227 -0.724185
14.600000 -217.565335 -39.424480 -0.734981

13.350000 -281.511329 -9.027940 -0.322310
13.400000 -280.264841 -9.444212 -0.321897
13.450000 -279.018702 -9.859794 -0.325833
13.500000 -277.766683 -10.282821 -0.335524
13.550000 -276.519928 -10.717575 -0.349205
13.600000 -275.281309 -11.168591 -0.358693
13.650000 -274.041940 -11.633245 -0.367650
13.700000 -272.808628 -12.108270 -0.376154
13.750000 -271.581454 -12.592955 -0.374716
13.800000 -270.348759 -13.077772 -0.375747
13.850000 -269.118530 -13.563084 -0.379888
13.900000 -267.892372 -14.052668 -0.380727
13.950000 -266.661886 -14.545177 -0.385917
14.000000 -265.435937 -15.043267 -0.394782
14.050000 -264.216491 -15.551357 -0.405952
14.100000 -263.004823 -16.072165 -0.410931
14.150000 -261.793112 -16.600155 -0.417168
14.200000 -260.586734 -17.134797 -0.424777
14.250000 -259.386468 -17.677695 -0.425909
14.300000 -258.182566 -18.223880 -0.429981
14.350000 -256.982906 -18.774043 -0.437241
14.400000 -255.789267 -19.331967 -0.441332
14.450000 -254.593193 -19.897003 -0.448520
14.500000 -253.403031 -20.469747 -0.458500
14.550000 -252.220621 -21.053363 -0.464312
14.600000 -251.036886 -21.646214 -0.472042
14.650000 -249.859554 -22.247285 -0.481672
14.700000 -248.690021 -22.858644 -0.486107
14.750000 -247.518568 -23.477637 -0.492821
14.800000 -246.353105 -24.103510 -0.501920
14.850000 -245.195322 -24.738900 -0.512707
14.900000 -244.046381 -25.385660 -0.517495
14.950000 -242.898078 -26.039321 -0.524303
15.000000 -241.756161 -26.699680 -0.533355
15.050000 -240.622165 -27.369228 -0.538155
15.100000 -239.487544 -28.046511 -0.545772
15.150000 -238.359999 -28.731272 -0.556262
15.200000 -237.241571 -29.426660 -0.563472
15.250000 -236.123968 -30.132757 -0.572876
15.300000 -235.014859 -30.848169 -0.584466
15.350000 -233.915955 -31.575172 -0.591709
15.400000 -232.818143 -32.312938 -0.600759
15.450000 -231.728826 -33.059395 -0.611852
15.500000 -230.649660 -33.816623 -0.618794
15.550000 -229.571715 -34.584217 -0.627902
15.600000 -228.502584 -35.360306 -0.639367
15.650000 -227.444192 -36.147284 -0.647388
15.700000 -226.388228 -36.945689 -0.657486
15.750000 -225.342129 -37.753365 -0.669769
15.800000 -224.307760 -38.572460 -0.678453
15.850000 -223.276770 -39.403546 -0.688942
15.900000 -222.256261 -40.243995 -0.701427
15.950000 -221.248011 -41.095695 -0.710259
16.000000 -220.243695 -41.959387 -0.720920
16.050000 -219.250304 -42.832276 -0.733631
16.100000 -218.269728 -43.716243 -0.743004

