0.000000 0.000000 0.000000 0.000000
0.076730 0.000000 0.000000 0.000000
0.176139 0.000000 0.000000 0.000000
0.276133 0.000000 0.000000 0.000000
0.377265 0.000000 0.000000 0.000000
0.477680 0.000000 0.000000 0.000000
0.576140 0.455117 1.000000 0.000000
0.676224 0.600143 0.982385 0.000000
0.776042 0.600000 1.000000 0.000000
0.876190 0.572173 1.000000 0.000000
0.976110 0.259415 1.000000 0.000000
1.076072 0.600000 1.000000 0.000000
1.176185 0.600000 1.000000 0.000000
1.276128 0.600000 1.000000 0.000000
1.376315 0.600000 1.000000 0.000000
1.476113 0.600000 1.000000 0.000000
1.576154 0.601786 0.924340 0.000000
1.676085 0.600001 0.655210 0.000000
1.776115 0.600000 0.455132 0.000000
1.876440 0.600001 0.450813 0.000000
1.976031 0.600002 0.582515 0.000000
2.076373 0.600000 0.708478 0.000000
2.176184 0.601122 0.736802 0.000000
2.276113 0.600000 0.677808 0.000000
2.376072 0.600000 0.603478 0.000000
2.476170 0.600000 0.574063 0.000000
2.576212 0.600495 0.597009 0.000000
2.676220 0.600655 0.638399 0.000000
2.776390 0.600745 0.661498 0.000000
2.876167 0.601083 0.654998 0.000000
2.976110 0.599383 0.633258 0.000000
3.076155 0.599543 0.617357 0.000000
3.176051 0.599702 0.617252 0.000000
3.276058 0.599197 0.627902 0.000000
3.375955 0.600909 0.637962 0.000000
3.476037 0.600548 0.640178 0.000000
3.576168 0.581825 0.635349 0.000000
3.676100 0.563409 0.629375 0.000000
3.776185 0.599472 0.627110 0.000000
3.875957 0.600389 0.629010 0.000000
3.976063 0.582295 0.632288 0.000000
4.076137 0.572306 0.634100 0.000000
4.178286 0.601424 0.633573 0.000000
4.276196 0.601032 0.631893 0.000000
4.376206 0.599487 0.630650 0.000000
4.476083 0.600758 0.630593 0.000000
4.576062 0.600848 0.631465 0.000000
4.676052 0.601609 0.632285 0.000000
4.776080 0.598758 0.632424 0.000000
4.876055 0.600386 0.632080 0.000000
4.976202 0.601152 0.631633 0.000000
5.076121 0.597015 0.631456 0.000000
5.177430 0.599606 0.631599 0.000000
5.276477 0.600481 0.631857 0.000000
5.376143 0.561894 0.631968 0.000000
5.476104 0.460075 0.631939 0.000000
5.576180 0.371269 0.631836 0.000000
5.676017 0.190966 0.631743 0.000000
5.776211 -0.107184 0.631712 0.000000
5.876034 -0.402788 0.631717 0.000000
5.977205 -0.600898 0.631744 0.000000
6.076019 -0.601468 0.631710 0.000000
6.176090 -0.601881 0.631663 0.000000
6.276176 -0.598107 0.631619 0.000000
6.376217 -0.599863 0.631665 0.000000
6.476153 -0.601952 0.631750 0.000000
6.578586 -0.546411 0.631812 0.000000
6.676768 -0.385809 0.631824 0.000000
6.776183 -0.202043 0.631799 0.000000
6.876339 0.005562 0.631761 0.000000
6.976312 0.281498 0.631733 0.000000
7.076082 0.459355 0.631722 0.000000
7.176137 0.601212 0.631771 0.000000
7.276254 0.583735 0.631759 0.000000
7.376139 0.515639 0.631771 0.000000
7.477606 0.317773 0.631801 0.000000
7.576370 -0.000773 0.631821 0.000000
7.676292 -0.304735 0.631805 0.000000
7.776097 -0.477193 0.631754 0.000000
7.876152 -0.539741 0.631706 0.000000
7.976110 -0.599607 0.631745 0.000000
8.076993 -0.601521 0.631752 0.000000
8.178567 -0.580923 0.631786 0.000000
8.276059 -0.563631 0.631822 0.000000
8.376048 -0.597304 0.631877 0.000000
8.476127 -0.600360 0.631827 0.000000
8.576090 -0.567878 0.631788 0.000000
8.676075 -0.527986 0.631793 0.000000
8.776044 -0.556688 0.631827 0.000000
8.876238 -0.537444 0.631850 0.000000
8.980719 -0.456007 0.631854 0.000000
9.076079 -0.479632 0.631842 0.000000
9.176060 -0.547164 0.631819 0.000000
9.276091 -0.565910 0.631809 0.000000
9.376139 -0.527520 0.631830 0.000000
9.476232 -0.597794 0.631903 0.000000
9.577792 -0.576227 0.631879 0.000000
9.675968 -0.553419 0.631859 0.000000
9.776161 -0.599423 0.631899 0.000000
9.876201 -0.599639 0.631899 0.000000
9.976839 -0.599639 0.631899 0.000000
10.076083 -0.599639 0.631899 0.000000
10.176861 -0.599639 0.631899 0.000000
10.276105 -0.599639 0.631899 0.000000
10.376055 -0.599639 0.631899 0.000000
10.476088 -0.599639 0.631899 0.000000
10.576062 -0.599639 0.631899 0.000000
10.678499 -0.599638 0.631899 0.000000
10.776301 -0.599638 0.631899 0.000000
10.876127 -0.599638 0.631899 0.000000
10.976039 -0.599638 0.631899 0.000000
11.076231 -0.599638 0.631899 0.000000
11.176271 -0.599638 0.631899 0.000000
11.276175 -0.599638 0.631899 0.000000
11.376364 -0.599638 0.631899 0.000000
11.476050 -0.599638 0.631899 0.000000
11.576260 -0.599638 0.631899 0.000000
11.676058 -0.599637 0.631899 0.000000
11.776068 -0.599637 0.631899 0.000000
11.876131 -0.599637 0.631899 0.000000
11.976086 -0.599637 0.631899 0.000000
