0.000000 0.000000 0.000000 0.000000
0.094917 0.000000 0.000000 0.000000
0.194986 0.000000 0.000000 0.000000
0.294945 0.000000 0.000000 0.000000
0.395199 0.000000 0.000000 0.000000
0.494941 0.000000 0.000000 0.000000
0.594894 0.000000 0.000000 0.000000
0.694912 0.382166 0.982477 0.000000
0.794944 0.484466 0.799927 0.000000
0.894772 0.343703 1.000000 0.000000
0.994921 0.203173 1.000000 0.000000
1.094838 0.111005 1.000000 0.000000
1.194886 0.150882 1.000000 0.000000
1.295242 0.244356 1.000000 0.000000
1.394931 0.296926 1.000000 0.000000
1.496012 0.376735 1.000000 0.000000
1.594908 0.600000 1.000000 0.000000
1.695420 0.600000 1.000000 0.000000
1.794890 0.600001 0.825673 0.000000
1.894982 0.600001 0.563115 0.000000
1.994885 0.600001 0.436147 0.000000
2.095372 0.600002 0.495698 0.000000
2.194756 0.600000 0.637496 0.000000
2.294896 0.601861 0.729573 0.000000
2.394910 0.600000 0.719399 0.000000
2.495038 0.600000 0.647437 0.000000
2.594783 0.600000 0.587120 0.000000
2.694998 0.600000 0.579599 0.000000
2.794905 0.600000 0.613495 0.000000
2.894828 0.600000 0.650264 0.000000
2.994920 0.601143 0.661618 0.000000
3.095238 0.601718 0.647282 0.000000
3.194922 0.600000 0.626189 0.000000
3.294920 0.600572 0.616213 0.000000
3.394922 0.600966 0.621206 0.000000
3.495166 0.601304 0.632637 0.000000
3.594855 0.601835 0.639927 0.000000
3.695001 0.601334 0.638941 0.000000
3.794960 0.600754 0.633154 0.000000
3.894896 0.601429 0.628375 0.000000
3.994951 0.599277 0.627795 0.000000
4.095192 0.600653 0.630571 0.000000
4.194924 0.601547 0.633521 0.000000
4.295520 0.601938 0.634351 0.000000
4.394796 0.601260 0.633202 0.000000
4.494951 0.600000 0.631527 0.000000
4.594970 0.601258 0.630741 0.000000
4.696395 0.600000 0.631143 0.000000
4.794871 0.601506 0.632051 0.000000
4.895366 0.600000 0.632625 0.000000
4.995263 0.600002 0.632545 0.000000
5.095371 0.600000 0.632084 0.000000
5.194889 0.600001 0.631708 0.000000
5.294873 0.600001 0.631671 0.000000
5.394906 0.600001 0.631893 0.000000
5.497298 0.600001 0.632126 0.000000
5.595513 0.600000 0.632193 0.000000
5.696553 0.600000 0.632098 0.000000
5.795572 0.600000 0.631967 0.000000
5.894951 0.600000 0.631912 0.000000
5.994903 0.600000 0.631952 0.000000
6.094932 0.600000 0.632027 0.000000
6.194910 0.600000 0.632073 0.000000
6.295014 0.600000 0.632070 0.000000
6.394979 0.600000 0.632036 0.000000
6.494947 0.600000 0.632007 0.000000
6.594938 0.600000 0.632005 0.000000
6.694865 0.600001 0.632023 0.000000
6.795198 0.600001 0.632043 0.000000
6.894835 0.600001 0.632051 0.000000
6.994859 0.600002 0.632044 0.000000
7.094832 0.600003 0.632035 0.000000
7.194761 0.600000 0.632029 0.000000
7.294929 0.600000 0.632028 0.000000
7.394838 0.600000 0.632031 0.000000
7.494893 0.600000 0.632035 0.000000
7.594940 0.600604 0.632035 0.000000
7.694908 0.596110 0.632035 0.000000
7.794886 0.441526 0.632035 0.000000
7.894875 0.167282 0.631994 0.000000
7.994934 -0.070807 0.631940 0.000000
8.094829 -0.175503 0.631828 0.000000
8.194925 -0.245581 0.631694 0.000000
8.294826 -0.240212 0.631621 0.000000
8.394846 -0.271111 0.631635 0.000000
8.495309 -0.319537 0.631703 0.000000
8.594890 -0.292649 0.631756 0.000000
8.694872 -0.323116 0.631757 0.000000
8.794934 -0.292790 0.631729 0.000000
8.894943 -0.323029 0.631703 0.000000
8.994775 -0.364438 0.631704 0.000000
9.094803 -0.332260 0.631724 0.000000
9.194904 -0.360009 0.631742 0.000000
9.294929 -0.396789 0.631753 0.000000
9.394957 -0.362492 0.631750 0.000000
9.495024 -0.388753 0.631741 0.000000
9.595604 -0.423243 0.631740 0.000000
9.694830 -0.387120 0.631748 0.000000
9.794935 -0.412044 0.631759 0.000000
9.894972 -0.445641 0.631769 0.000000
9.994944 -0.407807 0.631772 0.000000
10.094845 -0.432971 0.631771 0.000000
10.194908 -0.470646 0.631769 0.000000
10.294874 -0.513801 0.631768 0.000000
10.394959 -0.461504 0.631772 0.000000
10.494941 -0.492532 0.631782 0.000000
10.595007 -0.544265 0.631790 0.000000
10.694971 -0.480064 0.631795 0.000000
10.795231 -0.512339 0.631802 0.000000
10.894860 -0.516718 0.631802 0.000000
10.995026 -0.517313 0.631802 0.000000
11.095171 -0.517381 0.631802 0.000000
11.195001 -0.517400 0.631802 0.000000
11.295148 -0.517400 0.631802 0.000000
11.395162 -0.517394 0.631802 0.000000
11.494918 -0.517391 0.631802 0.000000
11.594951 -0.517386 0.631802 0.000000
11.694794 -0.517376 0.631802 0.000000
11.794943 -0.517369 0.631802 0.000000
11.894951 -0.517361 0.631802 0.000000
11.994892 -0.517353 0.631802 0.000000
12.094867 -0.517349 0.631802 0.000000
12.194727 -0.517335 0.631802 0.000000
12.294916 -0.517326 0.631802 0.000000
12.395006 -0.517317 0.631802 0.000000
12.495389 -0.517308 0.631802 0.000000
12.594883 -0.517303 0.631802 0.000000
12.694759 -0.517289 0.631802 0.000000
12.794975 -0.517280 0.631802 0.000000
12.895546 -0.517272 0.631802 0.000000
12.996473 -0.517264 0.631802 0.000000
13.095593 -0.517259 0.631802 0.000000
13.194577 -0.517249 0.631802 0.000000
13.294930 -0.517244 0.631802 0.000000
13.394859 -0.517238 0.631802 0.000000
13.495163 -0.517231 0.631802 0.000000
13.594752 -0.517225 0.631802 0.000000
13.694902 -0.517218 0.631802 0.000000
13.794986 -0.517210 0.631802 0.000000
13.894825 -0.517200 0.631802 0.000000
13.994969 -0.517189 0.631802 0.000000
14.094951 -0.517177 0.631802 0.000000
14.194894 -0.517162 0.631802 0.000000
14.295007 -0.517148 0.631802 0.000000
14.394892 -0.517131 0.631802 0.000000
14.494959 -0.517115 0.631802 0.000000
