0.000000 0.000000 0.000000 0.000000
0.090696 0.000000 0.000000 0.000000
0.189548 0.000000 0.000000 0.000000
0.289590 0.000000 0.000000 0.000000
0.389509 0.000000 0.000000 0.000000
0.490016 0.000000 0.000000 0.000000
0.589439 0.600000 1.000000 0.000000
0.690062 0.600184 0.982425 0.000000
0.789873 0.576155 1.000000 0.000000
0.889758 0.600000 1.000000 0.000000
0.989987 0.249606 1.000000 0.000000
1.090080 0.600000 1.000000 0.000000
1.189587 0.600000 1.000000 0.000000
1.289570 0.600000 1.000000 0.000000
1.389977 0.600000 1.000000 0.000000
1.489780 0.600000 1.000000 0.000000
1.589491 0.600000 0.924191 0.000000
1.689591 0.600000 0.655052 0.000000
1.789538 0.600000 0.455070 0.000000
1.890117 0.600000 0.450846 0.000000
1.990776 0.600000 0.582570 0.000000
2.089477 0.600000 0.708488 0.000000
2.189751 0.600000 0.736760 0.000000
2.289447 0.600000 0.677746 0.000000
2.389480 0.600000 0.603441 0.000000
2.489542 0.600000 0.574067 0.000000
2.589860 0.600001 0.597038 0.000000
2.689662 0.600001 0.638428 0.000000
2.790115 0.600001 0.661510 0.000000
2.889515 0.600000 0.654998 0.000000
2.989929 0.600000 0.633257 0.000000
3.090048 0.600000 0.617372 0.000000
3.189611 0.600000 0.617284 0.000000
3.289645 0.601204 0.627981 0.000000
3.390053 0.601443 0.638038 0.000000
3.489415 0.601766 0.640177 0.000000
3.590314 0.600000 0.635355 0.000000
3.691215 0.601734 0.629361 0.000000
3.791446 0.600474 0.627111 0.000000
3.889884 0.600762 0.629040 0.000000
3.989698 0.601124 0.632371 0.000000
4.089471 0.601584 0.634173 0.000000
4.190113 0.599615 0.633598 0.000000
4.289638 0.600055 0.631799 0.000000
4.389581 0.600458 0.630588 0.000000
4.489560 0.600963 0.630639 0.000000
4.590058 0.544430 0.631472 0.000000
4.690528 0.544880 0.632255 0.000000
4.789657 0.598039 0.632415 0.000000
4.889757 0.409818 0.632033 0.000000
4.989430 0.228828 0.631575 0.000000
5.089826 -0.014006 0.631382 0.000000
5.189579 -0.206087 0.631490 0.000000
5.289645 -0.312865 0.631699 0.000000
5.389468 -0.444394 0.631811 0.000000
5.489405 -0.600466 0.631816 0.000000
5.589564 -0.545734 0.631674 0.000000
5.689602 -0.494306 0.631588 0.000000
5.789612 -0.433386 0.631613 0.000000
5.889885 -0.038372 0.631699 0.000000
5.989987 0.280914 0.631763 0.000000
6.089573 0.596422 0.631786 0.000000
6.189663 0.600000 0.631724 0.000000
6.289458 0.598050 0.631628 0.000000
6.389375 0.599464 0.631679 0.000000
6.489560 0.569731 0.631729 0.000000
6.589901 0.472822 0.631792 0.000000
6.689469 0.078879 0.631825 0.000000
6.789592 -0.464782 0.631805 0.000000
6.889644 -0.601271 0.631756 0.000000
6.989561 -0.601857 0.631647 0.000000
7.089537 -0.600000 0.631592 0.000000
7.189519 -0.600000 0.631639 0.000000
7.290744 -0.601156 0.631740 0.000000
7.389994 -0.601594 0.631818 0.000000
7.490152 -0.600000 0.631835 0.000000
7.589506 -0.600000 0.631806 0.000000
7.689994 -0.600734 0.631777 0.000000
7.790045 -0.601105 0.631775 0.000000
7.889449 -0.601513 0.631801 0.000000
7.989885 -0.598671 0.631793 0.000000
8.089324 -0.601477 0.631810 0.000000
8.189878 -0.600600 0.631876 0.000000
8.289448 -0.601077 0.631892 0.000000
8.389934 -0.599372 0.631865 0.000000
8.489530 -0.598369 0.631796 0.000000
8.589330 -0.600302 0.631832 0.000000
8.691268 -0.600893 0.631883 0.000000
8.790684 -0.569318 0.631864 0.000000
8.889933 -0.599556 0.631892 0.000000
8.989529 -0.602001 0.631851 0.000000
9.089705 -0.489336 0.631837 0.000000
9.189903 -0.449815 0.631854 0.000000
9.289917 -0.495068 0.631865 0.000000
9.389721 -0.357980 0.631857 0.000000
9.489767 -0.252783 0.631852 0.000000
9.591594 -0.161992 0.631852 0.000000
9.689545 -0.077580 0.631852 0.000000
9.791931 -0.006762 0.631852 0.000000
9.890628 0.050781 0.631852 0.000000
9.990110 0.098423 0.631852 0.000000
10.090333 0.152514 0.631852 0.000000
10.190189 0.189676 0.631852 0.000000
10.289891 0.226624 0.631852 0.000000
10.389934 0.265863 0.631852 0.000000
10.489397 0.310548 0.631852 0.000000
10.591019 0.365269 0.631852 0.000000
10.689454 0.466119 0.631852 0.000000
10.789519 0.570706 0.631852 0.000000
10.889444 0.600384 0.631892 0.000000
10.989437 0.600385 0.631892 0.000000
11.090827 0.600385 0.631892 0.000000
11.189758 0.600385 0.631892 0.000000
11.289950 0.600385 0.631892 0.000000
11.389523 0.600384 0.631892 0.000000
11.489896 0.600384 0.631892 0.000000
11.589900 0.600384 0.631892 0.000000
11.690214 0.600384 0.631892 0.000000
11.789574 0.600384 0.631892 0.000000
11.890025 0.600384 0.631892 0.000000
11.990235 0.600383 0.631892 0.000000
12.089772 0.600383 0.631892 0.000000
12.189965 0.600383 0.631892 0.000000
12.289300 0.600382 0.631892 0.000000
