0.000000 0.000000 0.000000 0.000000
0.013553 0.000000 0.000000 0.000000
0.111582 0.000000 0.000000 0.000000
0.213088 0.000000 0.000000 0.000000
0.311824 0.521707 1.000000 0.000000
0.411416 0.600000 1.000000 0.000000
0.511624 0.600000 1.000000 0.000000
0.611406 0.091679 1.000000 0.000000
0.712029 0.600000 1.000000 0.000000
0.811741 0.600000 1.000000 0.000000
0.912390 0.600000 1.000000 0.000000
1.011542 0.600000 1.000000 0.000000
1.111790 0.600000 1.000000 0.000000
1.211527 0.600000 0.969933 0.000000
1.312028 0.600000 0.463981 0.000000
1.412288 0.600000 0.588804 0.000000
1.511305 0.600000 0.620735 0.000000
1.611367 0.600000 0.628902 0.000000
1.711620 0.600000 0.628902 0.000000
1.811491 0.600000 0.630996 0.000000
1.911817 0.600000 0.632956 0.000000
2.011362 0.600000 0.633372 0.000000
2.111554 0.600000 0.632435 0.000000
2.211363 0.600000 0.630844 0.000000
2.312088 0.600000 0.631517 0.000000
2.411372 0.600000 0.631517 0.000000
2.511216 0.600000 0.631693 0.000000
2.612584 0.600000 0.631861 0.000000
2.711843 0.600000 0.631905 0.000000
2.813109 0.600000 0.631833 0.000000
2.911732 0.600000 0.631742 0.000000
3.011746 0.600001 0.631746 0.000000
3.111367 0.600000 0.631779 0.000000
3.211948 0.600000 0.631792 0.000000
3.311403 0.600000 0.631797 0.000000
3.412078 0.600000 0.631803 0.000000
3.511351 0.601307 0.631810 0.000000
3.611608 0.601626 0.631816 0.000000
3.711293 0.600000 0.631822 0.000000
3.811319 0.600000 0.631826 0.000000
3.911635 0.600000 0.631826 0.000000
4.011790 0.600909 0.631831 0.000000
4.111938 0.600918 0.631831 0.000000
4.211374 0.601474 0.631831 0.000000
4.311381 0.600000 0.631836 0.000000
4.411565 0.601511 0.631803 0.000000
4.511209 0.600823 0.631850 0.000000
4.611273 0.601530 0.631883 0.000000
4.711869 0.600428 0.631827 0.000000
4.811996 0.600650 0.631892 0.000000
4.911420 0.600652 0.631892 0.000000
5.011291 0.492144 0.631833 0.000000
5.112490 0.403287 0.631817 0.000000
5.211385 0.302105 0.631821 0.000000
5.311242 -0.004318 0.631820 0.000000
5.411334 -0.282757 0.631796 0.000000
5.511635 -0.484998 0.631654 0.000000
5.611434 -0.601049 0.631715 0.000000
5.711736 -0.580012 0.631663 0.000000
5.811520 -0.532060 0.631703 0.000000
5.911771 -0.500265 0.631703 0.000000
6.011606 -0.485757 0.631723 0.000000
6.111597 -0.490455 0.631747 0.000000
6.212046 -0.114505 0.631767 0.000000
6.311679 0.184652 0.631757 0.000000
6.412663 0.504106 0.631757 0.000000
6.511764 0.600844 0.631798 0.000000
6.611651 0.600620 0.631822 0.000000
6.712244 0.600789 0.631804 0.000000
6.811532 0.372725 0.631826 0.000000
6.912520 0.011881 0.631874 0.000000
7.012045 -0.405480 0.631807 0.000000
7.111354 -0.598092 0.631759 0.000000
7.211310 -0.600766 0.631799 0.000000
7.311557 -0.599514 0.631800 0.000000
7.412425 -0.600652 0.631818 0.000000
7.511656 -0.599492 0.631838 0.000000
7.611786 -0.599477 0.631838 0.000000
7.711261 -0.600717 0.631814 0.000000
7.811769 -0.600798 0.631878 0.000000
7.911548 -0.601596 0.631891 0.000000
8.011573 -0.601876 0.631891 0.000000
8.111350 -0.600989 0.631935 0.000000
8.211920 -0.600325 0.631926 0.000000
8.311408 -0.600338 0.631926 0.000000
8.411982 -0.601136 0.631919 0.000000
8.511643 -0.599675 0.631916 0.000000
8.611544 -0.600427 0.631923 0.000000
8.711265 -0.587520 0.631906 0.000000
8.811877 -0.600541 0.631965 0.000000
8.911829 -0.600599 0.631965 0.000000
9.014680 -0.568668 0.631904 0.000000
9.111610 -0.600800 0.631947 0.000000
9.211208 -0.592699 0.631902 0.000000
9.311462 -0.570912 0.631902 0.000000
9.411340 -0.600205 0.631926 0.000000
9.511967 -0.600226 0.631926 0.000000
9.612296 -0.600226 0.631926 0.000000
9.711788 -0.600226 0.631926 0.000000
9.811592 -0.600225 0.631926 0.000000
9.911866 -0.600225 0.631926 0.000000
10.011756 -0.600224 0.631926 0.000000
10.111617 -0.600224 0.631926 0.000000
10.211596 -0.600223 0.631926 0.000000
10.311465 -0.600223 0.631926 0.000000
10.411380 -0.600222 0.631926 0.000000
10.511622 -0.600221 0.631926 0.000000
10.611245 -0.600221 0.631926 0.000000
10.711500 -0.600220 0.631926 0.000000
10.811709 -0.600219 0.631926 0.000000
10.911883 -0.600219 0.631926 0.000000
11.011660 -0.600218 0.631926 0.000000
11.111666 -0.600217 0.631926 0.000000
11.211521 -0.600216 0.631926 0.000000
11.311693 -0.600215 0.631926 0.000000
11.411428 -0.600215 0.631926 0.000000
11.512020 -0.600214 0.631926 0.000000
11.611161 -0.600214 0.631926 0.000000
11.711494 -0.600213 0.631926 0.000000
11.811900 -0.600213 0.631926 0.000000
11.911706 -0.600213 0.631926 0.000000
12.011381 -0.600212 0.631926 0.000000
12.111486 -0.600212 0.631926 0.000000
