0.000000 0.000000 0.000000 0.000000
0.070099 0.000000 0.000000 0.000000
0.169044 0.000000 0.000000 0.000000
0.269953 0.000000 0.000000 0.000000
0.369902 0.000000 0.000000 0.000000
0.468983 0.000000 0.000000 0.000000
0.568954 0.434455 1.000000 0.000000
0.669055 0.571976 0.982413 0.000000
0.769138 0.409525 1.000000 0.000000
0.868932 0.406174 1.000000 0.000000
0.968925 0.387391 1.000000 0.000000
1.069091 0.147595 1.000000 0.000000
1.168910 0.389364 1.000000 0.000000
1.268956 0.384965 1.000000 0.000000
1.368925 0.386647 1.000000 0.000000
1.469031 0.491010 1.000000 0.000000
1.569022 0.553076 0.924043 0.000000
1.668950 0.601547 0.655054 0.000000
1.768830 0.601966 0.455171 0.000000
1.868769 0.601227 0.450942 0.000000
1.968881 0.600637 0.582597 0.000000
2.068993 0.534468 0.708414 0.000000
2.168971 0.527429 0.736674 0.000000
2.269119 0.580804 0.677726 0.000000
2.368834 0.600807 0.603528 0.000000
2.468981 0.537487 0.574138 0.000000
2.569038 0.517028 0.597053 0.000000
2.669174 0.539817 0.638393 0.000000
2.768867 0.599344 0.661468 0.000000
2.869014 0.465686 0.654986 0.000000
2.968899 0.423720 0.633289 0.000000
3.068999 0.471620 0.617409 0.000000
3.168758 0.354714 0.617292 0.000000
3.268936 0.290952 0.627961 0.000000
3.368958 0.299419 0.638000 0.000000
3.469016 0.208170 0.640139 0.000000
3.568847 0.180189 0.635328 0.000000
3.668941 0.248671 0.629380 0.000000
3.768960 0.254722 0.627087 0.000000
3.869248 0.384746 0.628983 0.000000
3.968995 0.369628 0.632309 0.000000
4.068938 0.454318 0.634134 0.000000
4.169007 0.375425 0.633583 0.000000
4.268944 0.347276 0.631834 0.000000
4.369063 0.436437 0.630573 0.000000
4.468918 0.361736 0.630581 0.000000
4.568983 0.347223 0.631450 0.000000
4.668796 0.155191 0.632255 0.000000
4.769036 0.013712 0.632418 0.000000
4.868921 -0.112918 0.632015 0.000000
4.968989 -0.216163 0.631522 0.000000
5.068933 -0.371632 0.631333 0.000000
5.169310 -0.479552 0.631495 0.000000
5.268969 -0.599260 0.631782 0.000000
5.369000 -0.479364 0.631954 0.000000
5.468930 -0.388763 0.631940 0.000000
5.568874 -0.015008 0.631809 0.000000
5.668866 0.244886 0.631692 0.000000
5.768929 0.540386 0.631646 0.000000
5.868964 0.600991 0.631672 0.000000
5.969119 0.600746 0.631777 0.000000
6.069245 0.601365 0.631836 0.000000
6.170103 0.528933 0.631795 0.000000
6.268907 0.484314 0.631768 0.000000
6.368942 0.108261 0.631770 0.000000
6.468954 -0.282619 0.631787 0.000000
6.569096 -0.600000 0.631808 0.000000
6.668836 -0.601967 0.631758 0.000000
6.769078 -0.600000 0.631708 0.000000
6.868598 -0.600660 0.631721 0.000000
6.968797 -0.601361 0.631788 0.000000
7.069420 -0.600000 0.631858 0.000000
7.168915 -0.598602 0.631847 0.000000
7.269108 -0.600434 0.631879 0.000000
7.369020 -0.443326 0.631844 0.000000
7.468949 -0.297922 0.631838 0.000000
7.568955 0.037666 0.631839 0.000000
7.670090 0.269561 0.631824 0.000000
7.768961 0.536711 0.631771 0.000000
7.868961 0.601886 0.631716 0.000000
7.968935 0.600790 0.631740 0.000000
8.069068 0.601281 0.631780 0.000000
8.168859 0.540486 0.631772 0.000000
8.268778 0.489241 0.631783 0.000000
8.368906 0.117872 0.631796 0.000000
8.468938 -0.288666 0.631797 0.000000
8.568913 -0.573493 0.631768 0.000000
8.669235 -0.601811 0.631776 0.000000
8.768990 -0.600000 0.631789 0.000000
8.868924 -0.600752 0.631819 0.000000
8.968993 -0.601424 0.631858 0.000000
9.068913 -0.600000 0.631885 0.000000
9.168930 -0.600000 0.631890 0.000000
9.268941 -0.601114 0.631878 0.000000
9.368897 -0.601860 0.631866 0.000000
9.469069 -0.600000 0.631863 0.000000
9.568866 -0.600921 0.631869 0.000000
9.668958 -0.601680 0.631878 0.000000
9.768967 -0.600000 0.631883 0.000000
9.869821 -0.600000 0.631881 0.000000
9.968913 -0.601591 0.631878 0.000000
10.068925 -0.600000 0.631875 0.000000
10.168808 -0.600000 0.631876 0.000000
10.270009 -0.601584 0.631879 0.000000
10.369090 -0.601584 0.631879 0.000000
10.470241 -0.601584 0.631879 0.000000
10.569173 -0.601584 0.631879 0.000000
10.669120 -0.601584 0.631879 0.000000
10.769866 -0.601584 0.631879 0.000000
10.868852 -0.601583 0.631879 0.000000
10.969593 -0.601583 0.631879 0.000000
11.068983 -0.601583 0.631879 0.000000
11.168953 -0.601583 0.631879 0.000000
11.269008 -0.601583 0.631879 0.000000
11.368905 -0.601583 0.631879 0.000000
11.469078 -0.601583 0.631879 0.000000
11.568932 -0.601583 0.631879 0.000000
11.669717 -0.601583 0.631879 0.000000
11.768914 -0.601583 0.631879 0.000000
11.868938 -0.601582 0.631879 0.000000
11.969231 -0.601582 0.631879 0.000000
