0.000000 0.000000 0.000000 0.000000
0.017588 0.000000 0.000000 0.000000
0.117271 0.000000 0.000000 0.000000
0.217441 0.000000 0.000000 0.000000
0.317385 0.000000 0.000000 0.000000
0.417373 0.000000 0.000000 0.000000
0.517380 0.000000 0.000000 0.000000
0.617102 0.000000 0.000000 0.000000
0.717245 0.000000 0.000000 0.000000
0.817211 0.365008 0.629469 0.000000
0.917307 0.479755 0.470259 0.000000
1.017339 0.583396 0.748529 0.000000
1.117177 0.427138 0.900452 0.000000
1.219481 0.244407 1.000000 0.000000
1.317284 0.274297 1.000000 0.000000
1.417379 0.163958 1.000000 0.000000
1.517217 0.214959 1.000000 0.000000
1.617260 0.255795 1.000000 0.000000
1.717211 0.217437 1.000000 0.000000
1.817207 0.189254 1.000000 0.000000
1.917125 0.204064 1.000000 0.000000
2.017248 0.182137 1.000000 0.000000
2.117198 0.221229 0.820577 0.000000
2.217143 0.321967 0.558205 0.000000
2.317052 0.480671 0.434799 0.000000
2.417405 0.599405 0.497512 0.000000
2.517265 0.594485 0.639792 0.000000
2.617201 0.579278 0.730116 0.000000
2.717134 0.336221 0.718021 0.000000
2.817162 0.191045 0.645455 0.000000
2.917192 0.125172 0.585869 0.000000
3.017260 0.116034 0.579430 0.000000
3.117221 0.138835 0.613834 0.000000
3.217339 0.203121 0.650341 0.000000
3.317280 0.272011 0.661103 0.000000
3.417300 0.267799 0.646390 0.000000
3.517506 0.269031 0.625340 0.000000
3.617242 0.299780 0.615657 0.000000
3.717222 0.345943 0.620892 0.000000
3.817219 0.410384 0.632350 0.000000
3.917310 0.510350 0.639503 0.000000
4.017202 0.383125 0.638415 0.000000
4.117200 0.313198 0.632548 0.000000
4.217133 0.284195 0.627816 0.000000
4.317306 0.306935 0.627382 0.000000
4.417178 0.386642 0.630190 0.000000
4.517163 0.307051 0.633110 0.000000
4.616907 0.284772 0.633935 0.000000
4.717208 0.329273 0.632733 0.000000
4.817267 0.247682 0.631053 0.000000
4.917223 0.241213 0.630302 0.000000
5.017067 0.300718 0.630744 0.000000
5.117081 0.254562 0.631671 0.000000
5.217252 0.264750 0.632240 0.000000
5.317517 0.346383 0.632148 0.000000
5.421365 0.364298 0.631681 0.000000
5.517301 0.436873 0.631314 0.000000
5.617209 0.601855 0.631295 0.000000
5.717287 0.590327 0.631535 0.000000
5.817307 0.601263 0.631792 0.000000
5.917253 0.453982 0.631883 0.000000
6.017250 0.383012 0.631808 0.000000
6.117304 0.345106 0.631672 0.000000
6.217258 0.214277 0.631595 0.000000
6.317851 -0.001560 0.631615 0.000000
6.417657 -0.148026 0.631678 0.000000
6.517147 -0.278232 0.631714 0.000000
6.617260 -0.276254 0.631704 0.000000
6.717255 -0.309575 0.631674 0.000000
6.818999 -0.402890 0.631658 0.000000
6.917272 -0.321933 0.631670 0.000000
7.017308 -0.278142 0.631702 0.000000
7.117272 -0.272219 0.631723 0.000000
7.217251 -0.127185 0.631724 0.000000
7.317195 -0.028271 0.631712 0.000000
7.417388 0.042220 0.631694 0.000000
7.517204 0.066457 0.631680 0.000000
7.617419 0.048814 0.631676 0.000000
7.717238 -0.035034 0.631683 0.000000
7.817269 -0.124834 0.631694 0.000000
7.917238 -0.253529 0.631702 0.000000
8.017339 -0.470530 0.631705 0.000000
8.117188 -0.599097 0.631708 0.000000
8.217423 -0.600560 0.631760 0.000000
8.317334 -0.601168 0.631790 0.000000
8.417291 -0.601804 0.631789 0.000000
8.517266 -0.598056 0.631733 0.000000
8.617321 -0.601801 0.631721 0.000000
8.717186 -0.600771 0.631792 0.000000
8.817204 -0.601326 0.631832 0.000000
8.917323 -0.581903 0.631785 0.000000
9.018313 -0.598011 0.631754 0.000000
9.117268 -0.601314 0.631757 0.000000
9.217279 -0.600627 0.631823 0.000000
9.317286 -0.490701 0.631807 0.000000
9.417578 -0.410310 0.631785 0.000000
9.517259 -0.354177 0.631763 0.000000
9.617332 -0.329627 0.631744 0.000000
9.717120 -0.147835 0.631739 0.000000
9.817156 -0.049569 0.631736 0.000000
9.917289 -0.021639 0.631718 0.000000
10.017297 -0.053807 0.631694 0.000000
10.117371 -0.097306 0.631682 0.000000
10.217413 -0.121986 0.631682 0.000000
10.317801 -0.136396 0.631682 0.000000
10.417317 -0.142593 0.631682 0.000000
10.517685 -0.148728 0.631682 0.000000
10.617248 -0.152460 0.631682 0.000000
10.717237 -0.154744 0.631682 0.000000
10.817316 -0.156147 0.631682 0.000000
10.919387 -0.157012 0.631682 0.000000
11.017213 -0.157545 0.631682 0.000000
11.117264 -0.157875 0.631682 0.000000
11.217567 -0.158127 0.631682 0.000000
11.317398 -0.158234 0.631682 0.000000
11.417180 -0.158301 0.631682 0.000000
