0.000000 0.000000 0.000000 0.000000
0.075270 0.000000 0.000000 0.000000
0.174901 0.000000 0.000000 0.000000
0.275312 0.000000 0.000000 0.000000
0.375241 0.423641 1.000000 0.000000
0.475013 0.508457 1.000000 0.000000
0.575671 0.438614 1.000000 0.000000
0.675468 0.058875 1.000000 0.000000
0.775662 0.049979 1.000000 0.000000
0.874954 0.479450 1.000000 0.000000
0.975694 0.511876 1.000000 0.000000
1.074827 0.569484 1.000000 0.000000
1.175340 0.600000 1.000000 0.000000
1.275487 0.600783 0.969977 0.000000
1.375512 0.600000 0.697843 0.000000
1.474884 0.600001 0.464000 0.000000
1.575214 0.600000 0.430176 0.000000
1.675222 0.600000 0.557224 0.000000
1.775504 0.601972 0.698857 0.000000
1.874986 0.600000 0.744979 0.000000
1.975084 0.601427 0.691983 0.000000
2.074742 0.600000 0.611192 0.000000
2.175134 0.600000 0.571678 0.000000
2.274812 0.600000 0.589578 0.000000
2.375443 0.600000 0.633108 0.000000
2.475084 0.600567 0.661591 0.000000
2.576497 0.600413 0.658755 0.000000
2.676254 0.600821 0.636747 0.000000
2.775900 0.601187 0.618114 0.000000
2.874866 0.540489 0.615606 0.000000
2.975720 0.453387 0.625942 0.000000
3.075543 0.387359 0.637296 0.000000
3.175416 0.075550 0.640883 0.000000
3.274981 -0.207906 0.636528 0.000000
3.375050 -0.525964 0.629996 0.000000
3.475715 -0.600713 0.626872 0.000000
3.575227 -0.601051 0.628355 0.000000
3.675481 -0.561011 0.631843 0.000000
3.775295 -0.454336 0.634150 0.000000
3.874975 -0.328506 0.633948 0.000000
3.975181 0.053116 0.632188 0.000000
4.074840 0.412942 0.630673 0.000000
4.175333 0.600844 0.630469 0.000000
4.275103 0.600000 0.631267 0.000000
4.375276 0.600622 0.632170 0.000000
4.475239 0.601815 0.632490 0.000000
4.575184 0.601909 0.632149 0.000000
4.674916 0.601423 0.631698 0.000000
4.775360 0.600000 0.631479 0.000000
4.875468 0.600940 0.631580 0.000000
4.975049 0.600000 0.631826 0.000000
5.075047 0.601322 0.631949 0.000000
5.175009 0.601213 0.631973 0.000000
5.274735 0.586853 0.631833 0.000000
5.375227 0.574853 0.631726 0.000000
5.475021 0.522596 0.631718 0.000000
5.575311 0.279574 0.631783 0.000000
5.675110 -0.042832 0.631842 0.000000
5.775441 -0.361092 0.631817 0.000000
5.875540 -0.600000 0.631756 0.000000
5.976089 -0.601301 0.631659 0.000000
6.075868 -0.600000 0.631616 0.000000
6.174963 -0.600113 0.631621 0.000000
6.275934 -0.600664 0.631747 0.000000
6.375659 -0.601396 0.631836 0.000000
6.475653 -0.588793 0.631799 0.000000
6.574923 -0.574604 0.631746 0.000000
6.675974 -0.509769 0.631727 0.000000
6.775129 -0.235376 0.631753 0.000000
6.875766 0.065332 0.631786 0.000000
6.975632 0.369217 0.631774 0.000000
7.075164 0.600478 0.631754 0.000000
7.175075 0.600000 0.631698 0.000000
7.275657 0.600223 0.631630 0.000000
7.375612 0.600503 0.631657 0.000000
7.475265 0.600204 0.631740 0.000000
7.575171 0.507948 0.631805 0.000000
7.674962 0.163918 0.631815 0.000000
7.775825 -0.298201 0.631773 0.000000
7.875588 -0.600000 0.631742 0.000000
7.975696 -0.600000 0.631691 0.000000
8.075717 -0.600002 0.631688 0.000000
8.175657 -0.600000 0.631741 0.000000
8.275560 -0.600000 0.631814 0.000000
8.375994 -0.600000 0.631859 0.000000
8.474949 -0.600000 0.631860 0.000000
8.576089 -0.600000 0.631835 0.000000
8.675504 -0.600000 0.631820 0.000000
8.775294 -0.600000 0.631828 0.000000
8.875821 -0.600000 0.631851 0.000000
8.975672 -0.600000 0.631870 0.000000
9.075603 -0.601489 0.631879 0.000000
9.174929 -0.601997 0.631878 0.000000
9.274816 -0.600000 0.631877 0.000000
9.374774 -0.600685 0.631884 0.000000
9.475559 -0.601117 0.631895 0.000000
9.576718 -0.601568 0.631904 0.000000
9.676635 -0.599655 0.631906 0.000000
9.775568 -0.599850 0.631865 0.000000
9.876142 -0.600317 0.631905 0.000000
9.975083 -0.600327 0.631905 0.000000
10.075663 -0.600327 0.631905 0.000000
10.175133 -0.600327 0.631905 0.000000
10.274811 -0.600327 0.631905 0.000000
10.375705 -0.600327 0.631905 0.000000
10.475285 -0.600327 0.631905 0.000000
10.575440 -0.600327 0.631905 0.000000
10.675528 -0.600327 0.631905 0.000000
10.775870 -0.600326 0.631905 0.000000
10.875803 -0.600326 0.631905 0.000000
10.975807 -0.600326 0.631905 0.000000
11.076095 -0.600326 0.631905 0.000000
11.175833 -0.600326 0.631905 0.000000
11.275703 -0.600326 0.631905 0.000000
11.375763 -0.600326 0.631905 0.000000
11.475421 -0.600326 0.631905 0.000000
11.576097 -0.600326 0.631905 0.000000
11.675831 -0.600326 0.631905 0.000000
11.775595 -0.600326 0.631905 0.000000
11.875404 -0.600326 0.631905 0.000000
11.975924 -0.600326 0.631905 0.000000
12.075932 -0.600326 0.631905 0.000000
12.174906 -0.600326 0.631905 0.000000
12.274781 -0.600326 0.631905 0.000000
12.375095 -0.600326 0.631905 0.000000
12.474963 -0.600325 0.631905 0.000000
