0.000000 0.000000 0.000000 0.000000
0.014988 0.000000 0.000000 0.000000
0.112904 0.000000 0.000000 0.000000
0.213049 0.000000 0.000000 0.000000
0.312614 0.000000 0.000000 0.000000
0.412278 0.000000 0.000000 0.000000
0.512781 0.000000 0.000000 0.000000
0.612425 0.232083 0.799831 0.000000
0.712641 0.517602 1.000000 0.000000
0.812248 0.446968 1.000000 0.000000
0.912268 0.410025 1.000000 0.000000
1.012159 0.244175 1.000000 0.000000
1.112188 0.337177 1.000000 0.000000
1.212179 0.442179 1.000000 0.000000
1.312493 0.461326 1.000000 0.000000
1.413096 0.518285 1.000000 0.000000
1.512334 0.561154 1.000000 0.000000
1.612482 0.600000 1.000000 0.000000
1.712293 0.601931 0.814044 0.000000
1.813098 0.600001 0.433659 0.000000
1.912271 0.600001 0.433659 0.000000
2.012266 0.601842 0.718693 0.000000
2.112189 0.600000 0.653930 0.000000
2.212330 0.600000 0.637367 0.000000
2.312427 0.600000 0.633132 0.000000
2.412199 0.600903 0.632049 0.000000
2.512584 0.600922 0.632049 0.000000
2.612388 0.601033 0.631773 0.000000
2.712751 0.601035 0.631773 0.000000
2.812378 0.601170 0.631517 0.000000
2.912353 0.601313 0.631464 0.000000
3.012402 0.553017 0.631503 0.000000
3.112894 0.513950 0.631661 0.000000
3.212757 0.455790 0.631779 0.000000
3.312290 0.312652 0.631694 0.000000
3.412506 0.006925 0.631661 0.000000
3.512516 -0.226197 0.631640 0.000000
3.612356 -0.455825 0.631640 0.000000
3.712290 -0.601632 0.631679 0.000000
3.812492 -0.599604 0.631707 0.000000
3.912351 -0.599604 0.631707 0.000000
4.012332 -0.599621 0.631718 0.000000
4.112385 -0.280336 0.631697 0.000000
4.212252 0.066918 0.631713 0.000000
4.312763 0.362620 0.631705 0.000000
4.412360 0.600521 0.631602 0.000000
4.512469 0.600651 0.631678 0.000000
4.612257 0.601322 0.631686 0.000000
4.712364 0.601342 0.631686 0.000000
4.812435 0.598300 0.631701 0.000000
4.912312 0.600383 0.631772 0.000000
5.012373 0.600447 0.631772 0.000000
5.112442 0.452658 0.631720 0.000000
5.212288 0.338434 0.631716 0.000000
5.312439 0.184440 0.631716 0.000000
5.412260 -0.067307 0.631749 0.000000
5.513877 -0.346193 0.631717 0.000000
5.612267 -0.489414 0.631708 0.000000
5.712173 -0.578032 0.631721 0.000000
5.812943 -0.530752 0.631742 0.000000
5.912297 -0.416006 0.631753 0.000000
6.012198 -0.066353 0.631758 0.000000
6.112701 0.271587 0.631746 0.000000
6.212254 0.560555 0.631738 0.000000
6.312304 0.600308 0.631793 0.000000
6.412458 0.601251 0.631788 0.000000
6.512233 0.600000 0.631803 0.000000
6.612457 0.600352 0.631822 0.000000
6.712296 0.600360 0.631822 0.000000
6.812335 0.601341 0.631835 0.000000
6.913480 0.598589 0.631832 0.000000
7.012182 0.600872 0.631832 0.000000
7.112365 0.572153 0.631874 0.000000
7.212360 0.384151 0.631866 0.000000
7.312319 -0.038412 0.631866 0.000000
7.412533 -0.455000 0.631838 0.000000
7.512279 -0.600000 0.631711 0.000000
7.612237 -0.600000 0.631711 0.000000
7.712253 -0.600529 0.631736 0.000000
7.812653 -0.601361 0.631783 0.000000
7.912375 -0.599517 0.631830 0.000000
8.012394 -0.601771 0.631813 0.000000
8.112315 -0.586930 0.631828 0.000000
8.212306 -0.571185 0.631833 0.000000
8.312277 -0.600325 0.631874 0.000000
8.412324 -0.600402 0.631874 0.000000
8.513364 -0.581271 0.631793 0.000000
8.613036 -0.430010 0.631829 0.000000
8.713107 -0.087162 0.631822 0.000000
8.812356 0.167173 0.631786 0.000000
8.912422 0.362807 0.631760 0.000000
9.012612 0.505779 0.631754 0.000000
9.112294 0.489394 0.631754 0.000000
9.212238 0.348773 0.631782 0.000000
9.312256 0.041682 0.631776 0.000000
9.412358 -0.358814 0.631759 0.000000
9.512532 -0.600000 0.631799 0.000000
9.612477 -0.600763 0.631790 0.000000
9.712479 -0.601442 0.631776 0.000000
9.812529 -0.600000 0.631828 0.000000
9.912133 -0.601301 0.631837 0.000000
10.012500 -0.601331 0.631837 0.000000
10.112198 -0.600000 0.631852 0.000000
10.212362 -0.600000 0.631852 0.000000
10.312217 -0.601209 0.631855 0.000000
10.413524 -0.601941 0.631858 0.000000
10.512235 -0.601941 0.631858 0.000000
10.612329 -0.601941 0.631858 0.000000
10.712369 -0.601941 0.631858 0.000000
10.812420 -0.601941 0.631858 0.000000
10.912521 -0.601941 0.631858 0.000000
11.012232 -0.601941 0.631858 0.000000
11.112258 -0.601941 0.631858 0.000000
11.212431 -0.601941 0.631858 0.000000
11.312267 -0.601941 0.631858 0.000000
11.412250 -0.601940 0.631858 0.000000
11.512385 -0.601940 0.631858 0.000000
11.612324 -0.601940 0.631858 0.000000
