0.000000 0.000000 0.000000 0.000000
0.093345 0.000000 0.000000 0.000000
0.192574 0.000000 0.000000 0.000000
0.292716 0.000000 0.000000 0.000000
0.394902 0.000000 0.000000 0.000000
0.492598 0.000000 0.000000 0.000000
0.592563 0.000000 0.000000 0.000000
0.692693 0.000000 0.000000 0.000000
0.792534 0.299172 0.799782 0.000000
0.892544 0.416328 0.629340 0.000000
0.992467 0.284163 1.000000 0.000000
1.092556 0.216153 1.000000 0.000000
1.192607 0.249233 1.000000 0.000000
1.292585 0.082381 1.000000 0.000000
1.392789 0.191780 1.000000 0.000000
1.492484 0.186810 1.000000 0.000000
1.592494 0.178647 1.000000 0.000000
1.692586 0.148395 1.000000 0.000000
1.792658 0.116974 1.000000 0.000000
1.892597 0.128605 1.000000 0.000000
1.992667 0.175798 0.768954 0.000000
2.092515 0.188745 0.510041 0.000000
2.192428 0.238753 0.424895 0.000000
2.292465 0.286627 0.520982 0.000000
2.392516 0.320568 0.668501 0.000000
2.492683 0.373681 0.741130 0.000000
2.592533 0.323519 0.708915 0.000000
2.692493 0.363848 0.629552 0.000000
2.792535 0.466419 0.577269 0.000000
2.892575 0.599554 0.582298 0.000000
2.992564 0.507999 0.622403 0.000000
3.092607 0.503591 0.656504 0.000000
3.192559 0.575311 0.661151 0.000000
3.292708 0.600444 0.642402 0.000000
3.392503 0.574165 0.621663 0.000000
3.492657 0.599653 0.615088 0.000000
3.592641 0.600328 0.622978 0.000000
3.695612 0.601041 0.634812 0.000000
3.792806 0.599356 0.640512 0.000000
3.892892 0.600508 0.637771 0.000000
3.992700 0.600898 0.631421 0.000000
4.095149 0.601820 0.627310 0.000000
4.192436 0.598683 0.627740 0.000000
4.292669 0.600585 0.631010 0.000000
4.392493 0.601474 0.633738 0.000000
4.492577 0.599495 0.634075 0.000000
4.592685 0.600324 0.632545 0.000000
4.692710 0.601313 0.630893 0.000000
4.792469 0.586766 0.630351 0.000000
4.892709 0.601302 0.631008 0.000000
4.992623 0.450532 0.631994 0.000000
5.092541 0.367035 0.632476 0.000000
5.192426 0.343573 0.632244 0.000000
5.292566 0.141717 0.631690 0.000000
5.392648 -0.022028 0.631327 0.000000
5.492985 -0.153444 0.631341 0.000000
5.593333 -0.259105 0.631585 0.000000
5.692547 -0.223285 0.631799 0.000000
5.792641 -0.188534 0.631834 0.000000
5.892455 -0.164273 0.631727 0.000000
5.992553 -0.027985 0.631609 0.000000
6.092565 0.115373 0.631574 0.000000
6.193049 0.257370 0.631624 0.000000
6.292800 0.427820 0.631697 0.000000
6.392721 0.451908 0.631735 0.000000
6.492599 0.556942 0.631732 0.000000
6.592746 0.601238 0.631753 0.000000
6.692479 0.538175 0.631716 0.000000
6.792414 0.533886 0.631716 0.000000
6.892620 0.235817 0.631743 0.000000
6.992764 -0.094533 0.631771 0.000000
7.092522 -0.367606 0.631750 0.000000
7.193331 -0.600748 0.631725 0.000000
7.292502 -0.598743 0.631633 0.000000
7.392510 -0.600516 0.631654 0.000000
7.492434 -0.601289 0.631720 0.000000
7.592624 -0.579955 0.631745 0.000000
7.692631 -0.599684 0.631813 0.000000
7.792660 -0.600540 0.631828 0.000000
7.892555 -0.510537 0.631762 0.000000
7.993851 -0.327115 0.631737 0.000000
8.092535 0.036690 0.631753 0.000000
8.192469 0.336062 0.631761 0.000000
8.292392 0.602033 0.631764 0.000000
8.392767 0.600611 0.631711 0.000000
8.492922 0.600735 0.631671 0.000000
8.592539 0.600835 0.631689 0.000000
8.692690 0.500308 0.631705 0.000000
8.792564 0.294353 0.631755 0.000000
8.892765 -0.174976 0.631788 0.000000
8.992444 -0.566540 0.631769 0.000000
9.092643 -0.600349 0.631748 0.000000
9.192446 -0.601052 0.631717 0.000000
9.292547 -0.601757 0.631730 0.000000
9.392596 -0.600000 0.631783 0.000000
9.492601 -0.600781 0.631840 0.000000
9.593107 -0.601428 0.631867 0.000000
9.692541 -0.600000 0.631858 0.000000
9.792545 -0.600411 0.631838 0.000000
9.892568 -0.601004 0.631829 0.000000
9.992491 -0.601642 0.631840 0.000000
10.092539 -0.600152 0.631819 0.000000
10.192973 -0.600585 0.631875 0.000000
10.292599 -0.601215 0.631908 0.000000
10.392772 -0.601905 0.631906 0.000000
10.492470 -0.600281 0.631884 0.000000
10.592589 -0.600905 0.631871 0.000000
10.692692 -0.601569 0.631878 0.000000
10.792642 -0.599888 0.631856 0.000000
10.892602 -0.599858 0.631856 0.000000
10.993553 -0.599858 0.631856 0.000000
11.092685 -0.599857 0.631856 0.000000
11.193399 -0.599856 0.631856 0.000000
11.292855 -0.599855 0.631856 0.000000
11.392579 -0.599853 0.631856 0.000000
11.492905 -0.599853 0.631856 0.000000
11.592562 -0.599853 0.631856 0.000000
11.692656 -0.599852 0.631856 0.000000
11.792722 -0.599850 0.631856 0.000000
11.892593 -0.599850 0.631856 0.000000
11.994426 -0.599850 0.631856 0.000000
