2.799206771091e-16
-4.476178571688e+00
7.196849346450e+00
-7.326973575944e+00
1.940493911497e+01
-3.191408201435e-01
4.476178571688e+00
-1.940493911497e+01
7.326973576812e+00
7.196849346450e+00
-9.023862545970e+00
4.476178571688e+00
-4.129346613461e+01
-2.091808305469e+01
7.219090035908e+00
7.196849346450e+00
9.343003407994e+00
-4.280740655414e+01
-4.476178571688e+00
-8.369069083700e-01
1.799556466374e+00
-1.371780807477e-02
9.161712111995e-02
1.874966199155e-01
-2.820121776116e-06
4.480575870489e-05
-3.090351173561e-02
2.437394894935e-02
4.180074248876e-01
1.744877871345e-05
1.114705548963e-04
-3.027953438466e-02
2.270076192987e-02
4.011099282477e-01
2.043206040981e-06
1.214777925746e-04
-2.912261346160e-02
3.844358012825e-04
3.956815260271e-01
-1.378019753031e-06
1.117314189439e-04
-2.983141616432e-02
-2.205853604623e-02
3.969509746177e-01
-4.598532918400e-06
1.190536053633e-04
-2.994594068162e-02
-2.430636145481e-02
4.089630084898e-01
-2.093203238034e-05
1.069054228898e-04
-1.321733663241e-02
-8.896299900071e-02
1.816462555287e-01
2.083087106966e-06
4.268901409697e-05
-7.369014447396e-04
9.189545302917e-02
1.887015738350e-01
2.625940101084e-05
7.540251104811e-05
4.333694241326e-04
2.407794820002e-02
4.208267593126e-01
4.636737700071e-05
1.565160699047e-04
-3.123099931488e-04
2.220716283722e-02
4.035193191490e-01
1.812687527565e-05
1.638155825200e-04
6.460159885960e-04
-2.940385235735e-04
3.975156172041e-01
-1.518907677712e-06
1.519716936455e-04
-1.185210833592e-04
-2.283192964518e-02
3.984469851249e-01
-2.085846562280e-05
1.597491035270e-04
8.012244873521e-04
-2.502020617694e-02
4.103120345595e-01
-4.992192533691e-05
1.489620188514e-04
-6.183445984373e-04
-8.928257247994e-02
1.826365995575e-01
-2.610403391364e-05
7.138654902971e-05
1.245431309097e-02
9.295946048126e-02
1.903017056647e-01
5.499283045315e-05
1.066755209309e-04
3.216358331303e-02
2.381236168633e-02
4.244635767483e-01
7.377300153943e-05
2.035734066785e-04
2.997613253852e-02
2.171831264717e-02
4.068046265883e-01
3.290437790414e-05
2.082282701728e-04
3.066396859712e-02
-1.170289373117e-03
4.001434141520e-01
-2.666642988371e-06
1.940732409755e-04
2.977115775055e-02
-2.397255013844e-02
4.006862044726e-01
-3.766936476979e-05
2.021892774155e-04
3.170794786604e-02
-2.603192415065e-02
4.123426183665e-01
-7.879433334476e-05
1.925881804442e-04
1.214458296722e-02
-9.044741304891e-02
1.841233167263e-01
-5.445247667680e-05
1.008187088296e-04
2.629218148854e-02
9.569736425524e-02
1.940657036292e-01
8.426669938317e-05
1.410232211210e-04
6.521181042659e-02
2.378974642069e-02
4.328973304784e-01
9.940451127672e-05
2.577656709453e-04
6.150382509135e-02
2.140485222737e-02
4.148276346500e-01
4.626588830573e-05
2.597736313657e-04
6.182343329697e-02
-2.284567928296e-03
4.073900247041e-01
-5.102828624766e-06
2.430955397142e-04
6.072007537074e-02
-2.572536167748e-02
4.075357279249e-01
-5.544669089288e-05
2.514125205250e-04
6.365876629628e-02
-2.760184501234e-02
4.190628116316e-01
-1.076876228189e-04
2.429322446903e-04
2.552058923663e-02
-9.336755155235e-02
1.879120436660e-01
-8.405945235604e-05
1.335417911035e-04
4.173265062281e-02
1.010742171329e-01
2.017456921602e-01
1.159889173964e-04
1.818761366493e-04
1.017191572643e-01
2.423709911602e-02
4.500142623115e-01
1.240656172113e-04
3.259012799644e-04
9.636589111512e-02
2.145412012250e-02
4.313282552324e-01
5.874591738157e-05
3.250949759553e-04
9.618236019350e-02
-3.684594222596e-03
4.229624898397e-01
-9.058674900612e-06
3.056668237253e-04
9.479101237519e-02
-2.836756093410e-02
4.227644119020e-01
-7.516175301801e-05
3.140563783520e-04
9.876891271774e-02
-3.001669022784e-02
4.344329484952e-01
-1.377381011797e-04
3.068539695860e-04
4.049779033194e-02
-9.904772087547e-02
1.958219483260e-01
-1.170306681797e-04
1.731701239317e-04
6.009985715755e-02
1.097679866699e-01
2.142382462061e-01
1.522192911389e-04
2.320477570008e-04
1.446362300027e-01
2.531438296471e-02
4.777179808309e-01
1.491141192561e-04
4.135525869069e-04
1.374299645308e-01
2.199579777560e-02
4.581073479745e-01
7.118585707752e-05
4.096186492097e-04
1.365646358162e-01
-5.415464866341e-03
4.486605136378e-01
-1.469722046481e-05
3.872126521542e-04
1.348356817917e-01
-3.211664362781e-02
4.482457166900e-01
-9.797701934983e-05
3.956023913268e-04
1.400025577708e-01
-3.349692375956e-02
4.605088203152e-01
-1.705511869446e-04
3.900888894852e-04
5.846877038894e-02
-1.082298278830e-01
2.088576588923e-01
-1.556206858505e-04
2.227701088305e-04
8.252461027992e-02
1.216659893103e-01
2.306114625490e-01
1.936177871490e-04
2.912547657018e-04
1.963870760600e-01
2.700410276271e-02
5.138204719909e-01
1.753793630876e-04
5.207067822283e-04
1.870381552774e-01
2.300312837235e-02
4.930158843078e-01
8.406790700500e-05
5.134195215080e-04
1.852817194382e-01
-7.497671523615e-03
4.824009983867e-01
-2.205763609030e-05
4.878814917836e-04
1.832208595676e-01
-3.699188972490e-02
4.819685404102e-01
-1.244842460645e-04
4.963153736933e-04
1.898786984738e-01
-3.805811079158e-02
4.953635511517e-01
-2.070503097787e-04
4.930263753181e-04
8.068952600787e-02
-1.208902063800e-01
2.262343684398e-01
-2.006728871880e-04
2.824191022551e-04
1.089731108174e-01
1.353702992397e-01
2.474292707805e-01
2.377688300177e-04
3.538296812783e-04
2.566936695690e-01
2.899604512016e-02
5.506867982148e-01
2.019256204930e-04
6.376660801127e-04
2.449135588258e-01
2.420468116572e-02
5.286768092506e-01
9.682273358592e-05
6.272867845999e-04
2.420743833429e-01
-9.893389036081e-03
5.169668769545e-01
-3.094649792845e-05
5.986867867193e-04
2.397672926991e-01
-4.266382296758e-02
5.167681088814e-01
-1.538161219273e-04
6.073836208016e-04
2.483460507040e-01
-4.334928870003e-02
5.317351407488e-01
-2.460953105377e-04
6.067245321020e-04
1.073199267235e-01
-1.357323253061e-01
2.446717879464e-01
-2.498894276306e-04
3.469015301786e-04
1.372053381829e-01
1.479962817384e-01
2.589624961420e-01
2.782878156259e-04
4.080442644380e-04
3.203907081571e-01
3.063001838697e-02
5.758620265190e-01
2.253392381264e-04
7.435119248098e-04
3.060800984266e-01
2.506627901098e-02
5.531044986835e-01
1.075159253442e-04
7.310966018637e-04
3.020716354576e-01
-1.246974688987e-02
5.406233122444e-01
-4.080281028234e-05
6.999370392887e-04
2.996935260464e-01
-4.836678322926e-02
5.409215119903e-01
-1.830846036654e-04
7.093213334022e-04
3.106222016172e-01
-4.854136181451e-02
5.575949692071e-01
-2.835731744942e-04
7.114053904300e-04
1.363597022075e-01
-1.499513385528e-01
2.585365986515e-01
-2.968330384618e-04
4.049282885532e-04
1.624445869879e-01
1.556129922965e-01
2.587122165805e-01
3.055744114548e-04
4.379672591737e-04
3.769287826577e-01
3.100358368655e-02
5.754367797286e-01
2.402662625514e-04
8.086373733458e-04
3.603990935870e-01
2.490197249311e-02
5.529596736992e-01
1.131404670033e-04
7.961970362723e-04
3.553484176538e-01
-1.497802883740e-02
5.403138826367e-01
-5.060602378151e-05
7.635688569540e-04
3.531409611463e-01
-5.296828954447e-02
5.413332872938e-01
-2.074990172752e-04
7.742645585372e-04
3.666482590757e-01
-5.239666825755e-02
5.593795670698e-01
-3.127700669749e-04
7.788050313610e-04
1.632407890699e-01
-1.596202495758e-01
2.612717652616e-01
-3.315433125256e-04
4.407740431644e-04
1.785005866961e-01
1.545009617893e-01
2.420655687202e-01
3.099737763479e-04
4.291968542257e-04
4.129868542671e-01
2.932014590397e-02
5.396112446299e-01
2.414827430238e-04
8.042124900121e-04
3.950810811412e-01
2.313428631375e-02
5.189387873159e-01
1.106945391206e-04
7.947436989932e-04
3.894161223354e-01
-1.707167576568e-02
5.069276022431e-01
-5.893402195085e-05
7.621933554077e-04
3.876201313173e-01
-5.525612430075e-02
5.088162056292e-01
-2.215145194284e-04
7.750053221505e-04
4.035625032773e-01
-5.362733866090e-02
5.273624409052e-01
-3.264595570628e-04
7.810416300869e-04
1.818306021206e-01
-1.608887994104e-01
2.479695063378e-01
-3.435667910497e-04
4.396520898074e-04
1.804116351904e-01
1.429726962228e-01
2.091260637207e-01
2.870323370348e-04
3.779403458325e-04
4.181285899036e-01
2.540221698825e-02
4.685150336224e-01
2.268883809995e-04
7.188724217224e-04
4.001913149621e-01
1.965538284230e-02
4.513599675433e-01
9.905529127694e-05
7.156330923044e-04
3.946448165246e-01
-1.837893914610e-02
4.407488902683e-01
-6.426190577366e-05
6.845740383671e-04
3.933957487091e-01
-5.442384689922e-02
4.435656763350e-01
-2.211856077056e-04
7.004918490382e-04
4.111395772573e-01
-5.149738659389e-02
4.612917532631e-01
-3.202576094667e-04
7.064797743080e-04
1.869518032830e-01
-1.517719319701e-01
2.181886223029e-01
-3.272133119811e-04
3.965493906419e-04
1.678713315928e-01
1.230307922950e-01
1.661508370694e-01
2.421511052630e-04
2.972011645161e-04
3.920198062854e-01
2.008327542012e-02
3.752787460289e-01
2.000561188754e-04
5.722182069108e-04
3.756566452092e-01
1.513230616270e-02
3.629929204731e-01
8.074853711772e-05
5.771812542393e-04
3.711293652397e-01
-1.863194203335e-02
3.542173384920e-01
-6.548294235839e-05
5.480084387812e-04
3.703545320068e-01
-5.060648469681e-02
3.579471833118e-01
-2.068442307414e-04
5.682329818218e-04
3.887882776859e-01
-4.639874189028e-02
3.734269403489e-01
-2.959075452710e-04
5.728033052344e-04
1.777667467196e-01
-1.338501257101e-01
1.775177884404e-01
-2.864958876133e-04
3.226463648415e-04
1.478485436988e-01
1.009458148067e-01
1.242629636490e-01
1.912925330330e-04
2.146301849139e-04
3.500891841757e-01
1.508811652745e-02
2.837603642647e-01
1.706215991962e-04
4.147700860839e-04
3.365842399276e-01
1.103762682968e-02
2.766651320018e-01
6.240938272162e-05
4.272950593166e-04
3.338190940785e-01
-1.783513745068e-02
2.696058091649e-01
-6.254551549237e-05
3.988430212891e-04
3.332352289445e-01
-4.522408080735e-02
2.741842023053e-01
-1.847402303322e-04
4.245974242265e-04
3.511242729866e-01
-3.999615393912e-02
2.864770003006e-01
-2.626586870584e-04
4.274264805872e-04
1.605313927050e-01
-1.129940492745e-01
1.365556293868e-01
-2.364524010238e-04
2.439346038158e-04
1.348846262720e-01
8.630464211320e-02
9.554621905642e-02
1.564863146832e-04
1.614924052374e-04
3.247237418268e-01
1.234570520724e-02
2.208963390074e-01
1.523037586159e-04
3.110238231523e-04
3.140413281940e-01
9.305648780164e-03
2.176860975385e-01
5.335883184305e-05
3.278817260716e-04
3.130938336841e-01
-1.643786382985e-02
2.116837001036e-01
-5.707258342520e-05
2.981140471791e-04
3.124129700953e-01
-4.097450088590e-02
2.169749370110e-01
-1.668323245183e-04
3.298068777252e-04
3.292793228372e-01
-3.482256582634e-02
2.263614599434e-01
-2.362817746407e-04
3.319411022210e-04
1.492065150276e-01
-9.863572167572e-02
1.072927622715e-01
-1.994467753491e-04
1.911850186611e-04
1.477979608518e-01
8.955240536836e-02
8.819416691118e-02
1.591018450918e-04
1.651529021102e-04
3.585848696899e-01
1.317183600791e-02
2.065685916847e-01
1.590554340775e-04
3.265562459459e-04
3.484485553656e-01
1.173344228372e-02
2.037634611936e-01
6.362545566004e-05
3.403634105138e-04
3.479913481112e-01
-1.542287757672e-02
1.982351605061e-01
-5.262322020495e-05
3.094781023639e-04
3.474134356069e-01
-4.140164667403e-02
2.036114550135e-01
-1.691055121352e-04
3.437283915692e-04
3.645331766259e-01
-3.361279938830e-02
2.124356325882e-01
-2.356546765550e-04
3.498009085623e-04
1.625059063152e-01
-1.014869837586e-01
9.835729487302e-02
-1.987756423607e-04
1.925478160676e-04
2.034758537215e-01
1.185504312711e-01
1.018117299738e-01
2.128341417154e-04
2.376953971444e-04
4.901088809589e-01
1.802917749647e-02
2.418210959075e-01
2.015456635483e-04
4.996338689280e-04
4.753677355282e-01
1.904558071363e-02
2.347190505416e-01
9.899091217129e-05
5.019163322180e-04
4.724789494132e-01
-1.618365034572e-02
2.300263527997e-01
-5.408073296413e-05
4.754695090482e-04
4.730367157924e-01
-4.977196171434e-02
2.339161146995e-01
-2.057449169165e-04
5.021516895292e-04
4.944911406238e-01
-3.886463287029e-02
2.460388926625e-01
-2.784104819784e-04
5.177919019858e-04
2.180417135599e-01
-1.301814740167e-01
1.101874620504e-01
-2.513482038255e-04
2.611804035288e-04
3.085476080404e-01
1.754604807972e-01
1.263922757308e-01
3.238177601368e-04
3.660745578117e-04
7.318893671834e-01
2.707546762691e-02
3.040642949875e-01
2.820636017728e-04
8.096596225814e-04
7.061832855061e-01
3.014556623425e-02
2.896248047825e-01
1.558656185207e-04
7.972576497851e-04
6.976949617837e-01
-2.019747257582e-02
2.870027095522e-01
-6.656346863758e-05
7.829877984861e-04
7.006072033498e-01
-6.779434776851e-02
2.873612231032e-01
-2.825991779632e-04
7.884389858829e-04
7.325786167814e-01
-5.290982573738e-02
3.054040030406e-01
-3.748027237640e-04
8.126976929901e-04
3.243628293042e-01
-1.880996477665e-01
1.335443495680e-01
-3.669630632952e-04
3.836115775108e-04
4.469750086352e-01
2.509036565702e-01
1.456586564593e-01
4.857129733870e-04
5.148002380253e-04
1.041050371915e+00
4.022818584240e-02
3.539612598899e-01
3.837799971844e-04
1.173970759575e-03
1.002289605918e+00
4.178869323193e-02
3.321514236162e-01
2.186574991864e-04
1.144034890962e-03
9.873270950371e-01
-2.816943233395e-02
3.330689918019e-01
-9.279968625228e-05
1.145958570942e-03
9.930888478981e-01
-9.382763276659e-02
3.285906521276e-01
-3.905372070493e-04
1.123493126271e-03
1.039805798732e+00
-7.688105126777e-02
3.527468310409e-01
-5.139525072014e-04
1.156250426422e-03
4.688320609187e-01
-2.674822404971e-01
1.527283211389e-01
-5.427899796216e-04
5.268403183044e-04
5.742370261066e-01
3.187578625005e-01
1.410459395546e-01
6.557822577116e-04
5.834617188663e-04
1.315403921282e+00
5.584212792790e-02
3.451523806225e-01
4.751236867477e-04
1.363301647261e-03
1.269247419581e+00
4.920048914929e-02
3.206144589939e-01
2.602438810903e-04
1.326089010611e-03
1.252005185636e+00
-3.877058224758e-02
3.246248826670e-01
-1.284226438173e-04
1.337997007867e-03
1.260801156910e+00
-1.211856730048e-01
3.175871826013e-01
-4.974283214583e-04
1.301901773145e-03
1.323167047334e+00
-1.077190777475e-01
3.441799167860e-01
-6.619262462317e-04
1.335931940326e-03
6.122708509714e-01
-3.444343600603e-01
1.494259756002e-01
-7.391264162839e-04
5.974401064836e-04
6.217933278475e-01
3.405249608913e-01
1.054945667070e-01
7.441194791325e-04
5.096063190086e-04
1.410820628009e+00
6.677952225393e-02
2.626388815627e-01
5.086026281495e-04
1.236966493571e-03
1.371026528512e+00
4.686146841159e-02
2.428438485156e-01
2.529478781593e-04
1.216526821879e-03
1.359626816417e+00
-4.865918862984e-02
2.485169472906e-01
-1.617374233371e-04
1.234036401429e-03
1.373515328716e+00
-1.386441540802e-01
2.425893433746e-01
-5.584546093436e-04
1.206052035439e-03
1.448069282929e+00
-1.341627041696e-01
2.657484872157e-01
-7.569446042359e-04
1.233371960279e-03
6.900042820132e-01
-3.817857064948e-01
1.157087309681e-01
-8.674783649657e-04
5.419413796631e-04
5.417045047925e-01
2.932640951998e-01
5.104158450056e-02
6.731857351099e-04
2.914431421697e-04
1.235830337634e+00
6.242468830073e-02
1.334230032434e-01
4.441282266128e-04
7.742852503560e-04
1.218433301604e+00
3.248831467500e-02
1.249206348331e-01
1.882164120159e-04
7.978181876827e-04
1.221078591469e+00
-5.402845616919e-02
1.292022323467e-01
-1.801295304107e-04
8.177333860478e-04
1.243060758089e+00
-1.361787494411e-01
1.282241708552e-01
-5.382541254645e-04
8.211800175905e-04
1.322385329366e+00
-1.403546273956e-01
1.424575841391e-01
-7.398334717931e-04
8.374296731875e-04
6.497071115300e-01
-3.537915864931e-01
6.159056159909e-02
-8.418462068739e-04
3.601066512484e-04
3.362411591519e-01
1.827950996797e-01
2.802558012604e-03
4.380813619412e-04
-6.660187136157e-07
7.967200071993e-01
3.645494579426e-02
1.140822762229e-02
2.680985623939e-04
1.055850141018e-04
8.101088063189e-01
8.435862742097e-03
1.737872941641e-02
8.139469434285e-05
1.915437475184e-04
8.290349388317e-01
-5.212014606375e-02
1.640266130688e-02
-1.741206123654e-04
2.107717640590e-04
8.594881701129e-01
-1.094548487051e-01
2.261220490961e-02
-4.254559284066e-04
2.632184109321e-04
9.333228817922e-01
-1.145955397277e-01
2.373537594912e-02
-5.760387554508e-04
2.643935510436e-04
4.767309617215e-01
-2.577422123060e-01
1.003177348884e-02
-6.339540350044e-04
1.131603481816e-04
5.441832006966e-02
3.577562848295e-02
-1.826293694074e-02
1.075881062623e-04
-3.129187811648e-04
1.857384355760e-01
-6.645084238307e-03
-6.402728109314e-02
5.798714773990e-06
-6.966462816201e-04
2.227945329365e-01
-1.967106150218e-02
-4.285200017459e-02
-3.711096104817e-05
-5.324353750535e-04
2.504501247728e-01
-4.306221737794e-02
-5.301892089001e-02
-1.423773400210e-04
-5.154195811918e-04
2.832179451615e-01
-6.267619417369e-02
-3.735483118225e-02
-2.400606350912e-04
-4.015982269179e-04
3.400490056256e-01
-5.879727178413e-02
-5.085073192955e-02
-2.781773186011e-04
-4.256679964085e-04
1.969141390174e-01
-1.095136971745e-01
-1.656453517533e-02
-2.860516934421e-04
-1.545349464217e-04
-2.160481581685e-01
-1.062325018605e-01
-2.607913948019e-03
-1.970222260460e-04
-4.885313574401e-04
-4.241076987590e-01
-4.569951016926e-02
-6.488567280895e-02
-2.678556549170e-04
-1.319723819308e-03
-3.757970864692e-01
-4.066073667604e-02
-3.310406371129e-02
-1.299149362728e-04
-1.122112232880e-03
-3.485635838130e-01
-2.739150660408e-02
-5.178187785499e-02
-8.705473201523e-05
-1.112307134002e-03
-3.241239962434e-01
-6.893271708555e-03
-2.534140742647e-02
-2.099941942905e-05
-9.195581583047e-04
-2.955937231956e-01
6.461817378384e-03
-4.743016383314e-02
7.648799763338e-05
-9.366374214614e-04
-1.091756561024e-01
5.290061818067e-02
-3.541725618981e-03
8.486822399616e-05
-3.049776188932e-04
-1.849876208966e-01
-9.236462440963e-02
9.119725523982e-03
-1.502489018375e-04
-3.554106538526e-04
-3.876250668162e-01
-4.922418081139e-02
-4.227876079817e-02
-3.224947737263e-04
-1.069666732205e-03
-3.648286933141e-01
-2.394011153538e-02
-1.909974694298e-03
-8.138749200556e-05
-8.536155975988e-04
-3.424300370428e-01
-1.202626725036e-02
-3.708787398753e-02
-3.436378419717e-05
-9.535590596869e-04
-3.336857250569e-01
1.584341978094e-02
9.962943437602e-03
7.251391650607e-05
-6.019746788421e-04
-3.093181080005e-01
3.583130281397e-02
-1.778830370862e-02
2.121535170442e-04
-6.307128265521e-04
-1.296357749526e-01
6.846629476758e-02
1.023828996922e-02
1.224280947956e-04
-1.802046213454e-04
2.039127233239e-01
7.639075947851e-02
1.612166733919e-02
5.035560999751e-05
8.605777881927e-04
4.540402239346e-01
-9.012780025820e-03
9.190700078210e-02
1.717283150506e-04
2.165184316891e-03
3.688551221478e-01
-1.707791983890e-02
6.242271731105e-02
-2.856145085955e-05
1.945742758465e-03
3.278456765724e-01
-2.885147591555e-02
7.994167233016e-02
-9.688332993310e-05
1.870562421663e-03
3.265091635092e-01
-2.721241900995e-02
6.048262521045e-02
-1.066052738965e-04
1.786592873441e-03
3.783348015290e-01
-2.906948616659e-02
8.841900049047e-02
-2.813995939332e-04
1.908931980532e-03
1.771042788552e-01
-7.164426301930e-02
1.396013386676e-02
-7.672125127752e-05
7.355281204726e-04
2.263282335103e-01
9.446882934083e-02
-2.477570338262e-02
9.970576678084e-05
1.142277947227e-04
4.664152503165e-01
5.294314193353e-03
-4.619993235253e-02
2.475178462622e-04
-1.672624778071e-04
3.222578614641e-01
1.114052870341e-02
-5.325507770721e-02
8.242710411351e-05
-6.665708357462e-04
2.603880977141e-01
-8.673276719930e-04
-4.862467453610e-02
1.745364425744e-05
-8.995130329834e-04
2.657363346495e-01
-7.838078076249e-03
-5.076464874687e-02
-1.925029369833e-05
-8.161308227890e-04
3.403641442495e-01
-3.217628080020e-03
-3.094857802564e-02
-1.400011446149e-04
-3.764234770425e-04
1.516351136290e-01
-6.264412499629e-02
-8.196756447166e-03
-4.393430114786e-05
4.796049000678e-05
-4.464605447095e-02
1.037047965789e-02
-4.501381330256e-02
9.566975111463e-05
-1.588912895120e-03
-1.036176429691e-01
-4.382074794787e-02
-2.078243667064e-01
-2.637363383320e-04
-4.266980882363e-03
-1.713271855811e-01
3.541575072946e-04
-1.863798961567e-01
1.848194119418e-05
-4.704221805248e-03
-1.934594303581e-01
6.849143728774e-03
-2.229875497992e-01
4.183858572313e-05
-4.889722314943e-03
-1.798972454455e-01
2.166494233940e-02
-1.631538886050e-01
9.035148664452e-05
-4.192434689341e-03
-1.100688651393e-01
4.899424314635e-02
-1.588390540798e-01
2.778179355518e-04
-3.313999771623e-03
-4.664462379639e-02
3.260439612326e-05
-2.502030069047e-02
-4.881860180945e-06
-1.046618350828e-03
-3.873624481071e-02
1.385791013034e-02
-3.491704150472e-02
-1.560377900891e-05
-6.843749952419e-04
-4.603506015893e-02
-5.344500084910e-02
-1.569550179673e-01
-2.721219164294e-04
-1.764408542182e-03
-7.758962700897e-02
-1.159620238564e-02
-1.225305507626e-01
-5.767308786382e-06
-1.706795851707e-03
-8.094442699405e-02
-1.517696912608e-02
-1.394263059916e-01
-4.405889207632e-05
-1.537361725288e-03
-5.895768154145e-02
-4.383500015596e-03
-8.699883148078e-02
-1.634424413987e-05
-7.905678185703e-04
-7.672965831878e-03
2.192963576072e-02
-6.388691328438e-02
1.194153597010e-04
1.366721825062e-04
-4.796803070754e-03
-8.128815940227e-03
7.001569147178e-03
1.213189475299e-04
5.121609792814e-04
1.778447596086e-02
1.452796989953e-02
3.080861587322e-03
-1.017735411019e-04
7.190183056382e-04
8.969569168619e-02
-3.366975402212e-02
4.805409946780e-03
-9.549759776320e-05
1.738349481089e-03
7.694674953817e-02
-2.243366654256e-02
3.981589522078e-02
-2.823927246011e-05
2.195113227773e-03
7.535372771778e-02
-4.019262809445e-02
5.303511337401e-02
-1.254066054733e-04
2.633896911653e-03
9.254863650003e-02
-4.072835120165e-02
8.082925514634e-02
-1.467813325610e-04
3.259168473215e-03
1.343749859414e-01
-3.554638837052e-02
1.178419029166e-01
-2.085375052003e-04
4.070544341364e-03
6.858478712915e-02
-1.490328613373e-02
5.708657210445e-02
1.762408570779e-04
2.284029545643e-03
4.993111945729e-02
1.615836013634e-02
1.201880448804e-02
-6.097238086780e-05
9.188267370414e-04
1.575484027284e-01
-1.707252765123e-02
8.615633426515e-02
4.243847285606e-05
2.603603517666e-03
1.523730808345e-01
-3.030208375648e-02
1.328973996372e-01
-3.886968555256e-05
3.444409490893e-03
1.515123436654e-01
-5.769481569409e-02
1.648529655637e-01
-1.775247874041e-04
4.075036394089e-03
1.630625355709e-01
-6.732460935479e-02
1.738807819942e-01
-2.404461773475e-04
4.534169738712e-03
1.995978477866e-01
-7.844508369573e-02
2.037782316634e-01
-4.412923501748e-04
5.083284682971e-03
1.059105355807e-01
-1.963250330325e-02
7.129686220493e-02
1.018027860428e-04
2.660050127063e-03
3.306728024215e-02
2.626358020765e-02
-3.329426723353e-02
7.755195193006e-05
-4.756919565584e-04
1.171647512084e-01
-2.217787445962e-02
7.702672477057e-04
1.724344807390e-05
4.760121416623e-05
1.166234707193e-01
-3.628814966803e-02
7.080813996487e-02
-4.301903456669e-05
1.241164464399e-03
1.179194890988e-01
-6.444502515264e-02
1.073113613027e-01
-1.923898012298e-04
1.990006092327e-03
1.244323391318e-01
-7.617187062777e-02
1.089278688397e-01
-2.732576414592e-04
2.278887517096e-03
1.548578923519e-01
-8.363157772400e-02
1.123566166381e-01
-4.454414261743e-04
2.459106468813e-03
8.679831646042e-02
-2.984336638314e-02
2.539434577958e-02
-6.296924788461e-05
1.268751229963e-03
-1.469519795311e-02
4.584270988355e-02
-1.111908772867e-01
2.215161999934e-04
-2.598082974325e-03
1.247973818946e-02
-4.407860878463e-02
-1.951682647721e-01
-1.558662814431e-04
-4.147356646452e-03
1.975096747776e-02
-4.014644414738e-02
-1.030921964074e-01
-4.620364604371e-05
-2.729269661048e-03
2.453596084609e-02
-6.317830061824e-02
-7.179180904292e-02
-1.795291652188e-04
-1.955238007973e-03
2.529505573161e-02
-7.210757683600e-02
-7.030867245472e-02
-2.561742939823e-04
-1.817240950595e-03
4.398669297614e-02
-5.876513116423e-02
-9.890132422318e-02
-2.478270354046e-04
-1.997031723367e-03
3.179201681842e-02
-4.836078812872e-02
-5.884191440372e-02
-2.264862471138e-04
-1.006817478432e-03
-6.336564900290e-02
6.354221932535e-02
-1.735234755269e-01
2.880019186613e-04
-4.145567143817e-03
-9.522123196240e-02
-6.676697377497e-02
-3.713999323100e-01
-3.815486990286e-04
-7.373997281733e-03
-7.760827982217e-02
-4.043226073930e-02
-2.726907440856e-01
-5.497346982955e-05
-5.977974734345e-03
-6.967795341376e-02
-5.554018169358e-02
-2.495011456479e-01
-1.452159170890e-04
-5.275617274224e-03
-7.382361462441e-02
-5.973026870893e-02
-2.455698624391e-01
-1.941869545513e-04
-5.227163895530e-03
-7.088737682131e-02
-2.368571593757e-02
-2.939914158760e-01
4.174284346319e-05
-5.593415650873e-03
-2.689948580438e-02
-6.463379931484e-02
-1.306410791449e-01
-3.035746384679e-04
-2.805790137399e-03
-8.377892553053e-02
6.633487048407e-02
-1.826875638437e-01
2.573814447987e-04
-4.285891837243e-03
-1.452610350648e-01
-7.348209043255e-02
-4.164490639444e-01
-5.030664873228e-04
-7.857346946926e-03
-1.239713804389e-01
-3.746515741491e-02
-3.309497523625e-01
-6.584655807508e-05
-6.682363264565e-03
-1.164850164777e-01
-4.465087811800e-02
-3.133408174912e-01
-1.035261971885e-04
-6.110574590316e-03
-1.220836951496e-01
-4.427548027267e-02
-3.103377730911e-01
-1.151093821512e-04
-6.123146395778e-03
-1.291697171655e-01
5.098270225722e-04
-3.593441126456e-01
2.479182326029e-04
-6.517769394689e-03
-5.832211073072e-02
-6.669421769679e-02
-1.506639181971e-01
-2.767283394051e-04
-3.257853211991e-03
-6.401778278421e-02
4.816007563142e-02
-1.347496614394e-01
1.505660095888e-04
-3.057651950813e-03
-1.086419277718e-01
-5.725955999677e-02
-3.123780391724e-01
-4.129808122362e-04
-5.629334778637e-03
-9.412281900911e-02
-3.208842045855e-02
-2.539721064564e-01
-6.444377012280e-05
-4.825101502601e-03
-9.062078074982e-02
-3.445666093171e-02
-2.392545006125e-01
-6.696125126853e-05
-4.426955698113e-03
-9.472629150601e-02
-3.211087867830e-02
-2.404846148641e-01
-5.484896404281e-05
-4.463352306735e-03
-1.017386125654e-01
1.213995506040e-03
-2.752410375803e-01
2.450213690548e-04
-4.737632048580e-03
-4.900733043754e-02
-4.938829698766e-02
-1.135013799521e-01
-1.714184150924e-04
-2.345107996875e-03
-1.829077409066e-02
1.561772469475e-02
-5.173319905721e-02
3.454070883539e-05
-1.085406338497e-03
-2.023438247708e-02
-2.465355661748e-02
-1.185837911922e-01
-1.458528046954e-04
-1.989432924336e-03
-1.690444967532e-02
-2.239181886383e-02
-8.863494619026e-02
-2.275802248814e-05
-1.678713852702e-03
-1.913329314849e-02
-2.679403226380e-02
-7.671687967647e-02
-3.910425881094e-05
-1.499258268474e-03
-2.001434362437e-02
-2.841330163952e-02
-8.137639664703e-02
-4.610952351262e-05
-1.488458186991e-03
-2.167872260086e-02
-1.839705492130e-02
-9.769381590036e-02
5.691928269097e-05
-1.484310801787e-03
-1.198937958388e-02
-1.887125010804e-02
-3.932440894749e-02
-5.350313635684e-05
-6.410476952431e-04
-7.323233421972e-02
4.622689000658e-03
-9.645478843467e-03
1.355511664533e-04
-1.303781222287e-03
-2.157337001983e-01
6.835828766692e-03
2.778263551581e-02
-3.027652904109e-04
-3.105079710423e-03
-2.197331619855e-01
2.784994412703e-03
4.428663642403e-02
-7.541440026030e-05
-3.431875292667e-03
-2.241833161496e-01
-8.543560695102e-03
5.048270024216e-02
-9.505076324653e-06
-3.536535286527e-03
-2.222430392322e-01
-1.905109044384e-02
4.254338426870e-02
5.767257581628e-05
-3.450474958442e-03
-2.245628351577e-01
-2.078990876539e-02
2.555665520039e-02
3.166164234376e-04
-3.185640955195e-03
-8.111393793838e-02
-8.299647201646e-03
-1.396439558966e-02
-1.494550937445e-04
-1.390088058011e-03
-1.578225573478e-01
2.427911369162e-03
5.000291155565e-03
3.564945521986e-04
-3.136933597468e-03
-4.246498707698e-01
2.594521625071e-02
8.827441418729e-02
-5.717468517270e-04
-6.829364948406e-03
-4.063762006110e-01
1.332864718597e-02
9.429540146919e-02
-1.074289888519e-04
-6.960678837197e-03
-4.030584982282e-01
-4.448507999984e-03
1.025705523108e-01
5.233883264224e-07
-6.968007565001e-03
-4.062266871828e-01
-2.184641277286e-02
9.164047980864e-02
1.082580451087e-04
-6.931224590888e-03
-4.263944253464e-01
-3.271717127473e-02
8.335850273350e-02
5.795106301337e-04
-6.798647458074e-03
-1.602660925710e-01
-5.257938573392e-03
1.207864958993e-03
-3.570855885339e-04
-3.137696789449e-03
1.563145695236e-02
-7.787010995046e-03
3.163760827278e-02
-1.653042900263e-04
6.912177139313e-04
4.724228977242e-02
-7.508458442495e-03
3.610665513240e-02
-5.801637362426e-05
1.280742860607e-03
5.768467477008e-02
-1.295278344433e-02
2.331378488240e-02
-1.924038556663e-05
1.254744857148e-03
6.147140243375e-02
-1.082298102873e-02
2.151825570162e-02
1.359807300642e-06
1.266666929574e-03
6.115170831731e-02
-7.838137356589e-03
2.274304521089e-02
1.820856342607e-05
1.290031992943e-03
5.750376961327e-02
-1.036345623103e-02
3.577639286503e-02
2.399991743830e-05
1.357872655526e-03
2.443825101137e-02
2.043940507576e-03
2.725665541324e-02
1.632999170878e-04
7.435999033395e-04
-7.768464038308e-03
-3.156390175502e-02
8.212710496839e-02
-1.357748502704e-04
4.651840009262e-04
-4.026698730838e-03
-8.260510307014e-03
1.636525548907e-01
-8.913177263731e-06
1.010230612265e-03
1.039408577272e-02
-2.326459547515e-02
1.315339075415e-01
2.160345256799e-06
1.099722865984e-03
1.596439615571e-02
-1.275326314684e-02
1.268151120238e-01
1.236618046348e-05
1.155821260173e-03
1.453646700170e-02
-1.209196999900e-03
1.304675122368e-01
1.397430910185e-05
1.148998665136e-03
8.547266642328e-03
-1.066790924667e-02
1.587125864182e-01
-1.655831855156e-05
1.119630218888e-03
2.291274443363e-03
2.388930274891e-02
7.308974309323e-02
1.432636909744e-04
5.452451331525e-04
1.178347728732e-01
-6.215868032285e-02
1.244094817185e-01
-1.297429990942e-04
1.607127743239e-03
3.265797154988e-01
-4.481052371393e-02
2.353749053183e-01
5.465693187615e-04
3.762450594759e-03
3.148799716450e-01
-4.535167324634e-02
2.220772259635e-01
1.627828240161e-04
3.913035688492e-03
3.204126968042e-01
-1.614673993058e-02
2.177042328044e-01
3.208001984549e-05
4.016416673783e-03
3.196606139876e-01
1.481537182708e-02
2.222018942503e-01
-9.877069846702e-05
3.982540946704e-03
3.309021637453e-01
2.203231136274e-02
2.302761941299e-01
-4.997768802935e-04
3.849723284439e-03
1.168677288764e-01
5.264152683187e-02
1.131098715843e-01
1.578581097029e-04
1.634468394367e-03
-2.922443540640e-02
1.980172677264e-02
-3.135299740952e-02
4.569204301760e-05
-1.718162896481e-05
-4.261050763459e-02
-8.523801614368e-03
-8.436528391838e-02
-5.787095898789e-06
3.359013788726e-04
-8.783909818799e-03
-2.736947322304e-03
-4.997189258138e-02
-4.318208273500e-05
5.687631747831e-04
7.425791196181e-03
-5.173714875674e-03
-4.122831972591e-02
-2.815717151922e-06
6.823738034458e-04
-1.218074019763e-02
-7.691629984765e-03
-4.503707076883e-02
6.064103708773e-05
4.865712659179e-04
-5.521256343008e-02
2.160007637162e-03
-8.914861678609e-02
5.111464209333e-05
2.002374966359e-04
-3.939449764899e-02
-2.655716866910e-02
-3.845551016806e-02
-4.726240434760e-05
-1.247844907922e-04
-1.279791589882e-01
8.284274163746e-02
-1.642490493917e-01
3.639312697450e-05
-4.625019976041e-04
-3.180023956197e-01
1.765380608375e-02
-3.394459991957e-01
-3.266674785728e-04
-1.102519875888e-03
-2.804401935565e-01
2.235117845626e-02
-3.098045307949e-01
-6.938171756401e-05
-9.644393501610e-04
-2.760531432131e-01
2.605417831175e-03
-2.989954675095e-01
-1.482940139301e-05
-9.549684720710e-04
-2.909302082666e-01
-1.730259518314e-02
-3.148429535175e-01
5.570095784874e-05
-1.041522485517e-03
-3.411094755272e-01
-1.419786524567e-02
-3.538341557623e-01
3.579192794987e-04
-1.234319992983e-03
-1.394980100117e-01
-8.759962911531e-02
-1.747881904678e-01
-3.938330770672e-05
-5.197558402169e-04
-2.497200330231e-02
2.199986575682e-04
-6.486977322847e-04
6.976259572034e-05
-4.447432560184e-04
-8.212926291462e-02
-1.638238945610e-02
-1.317335193710e-02
-8.727018023100e-05
-1.009989058944e-03
-7.377817736563e-02
-1.223966343632e-02
-5.816772297032e-03
-2.399086277285e-05
-1.032037188092e-03
-7.000498413563e-02
-7.300101410285e-04
-6.731308671680e-03
-1.643640756914e-05
-1.004740527332e-03
-8.127231767290e-02
9.916896046064e-03
-1.028491903323e-02
-1.574870619686e-06
-1.095524458514e-03
-9.766172740734e-02
1.271971932954e-02
-2.181673927594e-02
8.641674793517e-05
-1.133665409220e-03
-3.465516865855e-02
-5.034451800899e-03
-7.474236417140e-03
-8.460002744066e-05
-5.257650665967e-04
6.509988642874e-02
-6.532976816302e-02
1.104264673405e-01
1.279223568255e-04
-1.315576175924e-04
1.396987889375e-01
-3.109136594817e-02
2.156713482887e-01
1.054973773049e-04
-1.127268691768e-04
1.345238748909e-01
-2.674247456293e-02
2.065272365580e-01
6.910198020011e-05
-9.297637951647e-05
1.362678122587e-01
-7.227613227193e-03
2.043422041309e-01
1.061731843468e-05
-7.014037401520e-05
1.378836547290e-01
1.227079987186e-02
2.074760663015e-01
-4.014595647051e-05
-7.211108490843e-05
1.442009291844e-01
1.972037552280e-02
2.143802429700e-01
-8.894190039208e-05
-7.682086657583e-05
6.259999186902e-02
6.113164988620e-02
1.044940600710e-01
-1.129388437105e-04
-1.255794570091e-04
-8.865636245927e-02
7.279270751035e-02
-1.201643406928e-01
-9.590209516285e-05
5.458900237160e-05
-2.070772165088e-01
1.764702814542e-02
-2.634648902510e-01
-9.615863013626e-05
6.568010706929e-05
-1.993200389274e-01
8.296421260216e-03
-2.577455390672e-01
-3.116459711964e-05
6.826541372990e-05
-1.959602340629e-01
-6.443346363723e-03
-2.513468505207e-01
2.170234438788e-05
6.095171502581e-05
-1.921236197838e-01
-2.074638009464e-02
-2.527109373912e-01
7.392186252744e-05
1.012849072594e-04
-1.944798271902e-01
-2.717127124659e-02
-2.554707634335e-01
1.164172584074e-04
1.224962046629e-04
-8.570475287755e-02
-7.269321551731e-02
-1.189469933465e-01
1.092432910383e-04
7.830002812334e-05
-2.632153944861e-01
2.055331547614e-01
-3.221112561198e-01
-3.648250482587e-04
2.848949412876e-04
-5.885785267186e-01
7.041250509937e-02
-6.718432168935e-01
-3.229432883420e-04
3.494373355869e-04
-5.662015001158e-01
4.261916623438e-02
-6.594192580261e-01
-1.331143867347e-04
3.812131562153e-04
-5.597114418705e-01
-4.479560139278e-03
-6.482727811890e-01
2.211596493688e-05
3.744466476301e-04
-5.555863646437e-01
-5.101022437039e-02
-6.510874790792e-01
1.744280303906e-04
4.154902117665e-04
-5.683575064480e-01
-7.622942190379e-02
-6.560130214636e-01
3.371383371803e-04
4.078779995672e-04
-2.539017898766e-01
-2.007563535420e-01
-3.136398761677e-01
3.713340011360e-04
3.130219514894e-04
-3.890027224139e-01
2.868733353029e-01
-4.222945827833e-01
-5.469135859971e-04
4.015613000118e-04
-8.625973865946e-01
9.954570207613e-02
-8.722546207743e-01
-4.910742213765e-04
4.996077778761e-04
-8.281941607830e-01
6.437068686236e-02
-8.560120904278e-01
-2.143942232750e-04
5.497844215960e-04
-8.202289928913e-01
-1.940812731599e-03
-8.404889003695e-01
1.393974254683e-05
5.267757405587e-04
-8.160502292504e-01
-6.784390022123e-02
-8.465597784424e-01
2.404258894139e-04
5.769674674549e-04
-8.383255619180e-01
-1.013687680511e-01
-8.530276413820e-01
4.928172504446e-04
5.446883420849e-04
-3.752610703854e-01
-2.788098448618e-01
-4.096290983875e-01
5.438403714147e-04
4.218359631122e-04
-4.339885359040e-01
3.063278230018e-01
-4.189819246440e-01
-6.034291201906e-04
4.050182680286e-04
-9.661484292866e-01
9.988666919886e-02
-8.676623441310e-01
-5.507628006189e-04
4.985419674709e-04
-9.266388304983e-01
7.126035118291e-02
-8.484365441979e-01
-2.612382367624e-04
5.303017933779e-04
-9.187744463922e-01
2.874005873901e-04
-8.311399460453e-01
5.304549119298e-06
4.912194863604e-04
-9.160085548235e-01
-7.027506919857e-02
-8.398738659886e-01
2.680363789065e-04
5.435514310213e-04
-9.442796295329e-01
-9.883204418533e-02
-8.490773313854e-01
5.432365663380e-04
5.134278127690e-04
-4.200667859206e-01
-2.973924708247e-01
-4.058512385398e-01
5.912418685511e-04
4.075216834605e-04
-4.027372621927e-01
2.731287655774e-01
-3.428339375165e-01
-5.373137926697e-04
3.188573391462e-04
-9.076862896596e-01
8.101437717358e-02
-7.178875200742e-01
-5.086161148650e-04
3.713937697904e-04
-8.701521523004e-01
6.583284447248e-02
-6.991835732226e-01
-2.638149585028e-04
3.772666918963e-04
-8.636969093932e-01
1.914178618264e-03
-6.838086304794e-01
-3.670611683741e-06
3.334191627484e-04
-8.632671882930e-01
-6.165147126315e-02
-6.932678659373e-01
2.518112305838e-04
3.770514066503e-04
-8.926997670648e-01
-7.836069991486e-02
-7.040318637977e-01
4.948002714670e-04
3.601964617795e-04
-3.919547773678e-01
-2.656841440944e-01
-3.326418086789e-01
5.213235733035e-04
3.068389374165e-04
-3.215897906713e-01
2.085744767107e-01
-2.370500131023e-01
-3.952445216745e-04
1.857006065523e-04
-7.382349194563e-01
5.648280042440e-02
-5.039655496460e-01
-4.051288680342e-04
1.770551978951e-04
-7.074914696526e-01
5.262545085290e-02
-4.899352104865e-01
-2.224505729543e-04
1.748168632147e-04
-7.031228316601e-01
2.952813753878e-03
-4.786572807704e-01
-9.375704349124e-06
1.382950939100e-04
-7.043742152122e-01
-4.692390516155e-02
-4.875017130860e-01
2.030811450767e-04
1.737833930408e-04
-7.301582434700e-01
-5.290977619923e-02
-4.974067580559e-01
3.886726485940e-04
1.704963076375e-04
-3.146224503190e-01
-2.037658008158e-01
-2.313762670140e-01
3.836107652367e-04
1.780114477532e-04
-2.255641108922e-01
1.388045188982e-01
-1.400753432082e-01
-2.467370733502e-04
7.082913468158e-05
-5.285008126011e-01
3.572241898777e-02
-3.015360855140e-01
-2.861635159191e-04
1.277275970322e-05
-5.064191955806e-01
3.704743409869e-02
-2.948193366178e-01
-1.591158113628e-04
2.077176354771e-05
-5.044466307883e-01
3.068044990053e-03
-2.872911882315e-01
-1.037847661336e-05
-6.463244981774e-06
-5.063089204314e-01
-3.141493687041e-02
-2.945622963387e-01
1.397587809155e-04
1.959373471190e-05
-5.263918706203e-01
-3.222223817516e-02
-2.996891407693e-01
2.717856392836e-04
8.584643043201e-06
-2.222496450783e-01
-1.363662331127e-01
-1.376282801513e-01
2.395656877942e-04
6.607207339918e-05
-1.441911549609e-01
8.372434269884e-02
-7.208381435898e-02
-1.368250607307e-04
-7.601897933863e-06
-3.439820170091e-01
2.224340196913e-02
-1.542259600508e-01
-1.877711028726e-04
-1.013879169135e-04
-3.300059971120e-01
2.396240093960e-02
-1.546790991892e-01
-1.000525769315e-04
-7.570448511985e-05
-3.302497339437e-01
2.858060633096e-03
-1.493565000829e-01
-9.509201902064e-06
-9.608702997051e-05
-3.317321092061e-01
-1.897180026113e-02
-1.556646691448e-01
8.407190697436e-05
-7.420706734093e-05
-3.456793050183e-01
-1.901098787152e-02
-1.553280606129e-01
1.761657162065e-04
-9.864357599775e-05
-1.433359021131e-01
-8.292145338476e-02
-7.165992540301e-02
1.334904131076e-04
-7.495193481622e-06
-9.502084977947e-02
5.262108073782e-02
-3.624851821887e-02
-8.027576086678e-05
-4.319805477914e-05
-2.287518650803e-01
1.538337084302e-02
-7.411911377870e-02
-1.281623149914e-04
-1.504849216350e-04
-2.202545201969e-01
1.637542284297e-02
-7.879461327317e-02
-6.516081190595e-05
-1.144622690634e-04
-2.219440979574e-01
2.731490174003e-03
-7.421885131735e-02
-8.862801948996e-06
-1.323033931702e-04
-2.231176053320e-01
-1.172065039770e-02
-8.022745262104e-02
5.109334329593e-05
-1.112307154363e-04
-2.328384582046e-01
-1.221626719905e-02
-7.636224646425e-02
1.180600012687e-04
-1.441208753545e-04
-9.559446872104e-02
-5.266846096343e-02
-3.665872933682e-02
7.871579516911e-05
-4.061028351034e-05
-8.147986463173e-02
4.424383412699e-02
-2.281785752760e-02
-6.809295797766e-05
-5.455771681292e-05
-1.953344337490e-01
1.348613560090e-02
-4.325303880939e-02
-1.089679680438e-04
-1.640473865490e-04
-1.886461467080e-01
1.439757124240e-02
-4.955139091635e-02
-5.678775905758e-05
-1.246003925704e-04
-1.907744329186e-01
2.860755046728e-03
-4.474430915703e-02
-9.464264445542e-06
-1.436599844298e-04
-1.923394698420e-01
-9.520103763191e-03
-5.101175146060e-02
4.187718139647e-05
-1.213405849300e-04
-2.010439196244e-01
-1.000860562593e-02
-4.574372143735e-02
9.818975858238e-05
-1.570930455502e-04
-8.280275729461e-02
-4.465201155220e-02
-2.347884694421e-02
6.682877956232e-05
-5.142209391113e-05
-9.696610299295e-02
5.264658277124e-02
-1.972564171337e-02
-8.744695273833e-05
-5.406076852498e-05
-2.296194844495e-01
1.484174581448e-02
-3.567567205847e-02
-1.189014918839e-04
-1.602454786240e-04
-2.216818439637e-01
1.654649374118e-02
-4.219972227842e-02
-6.785575375437e-05
-1.219029443695e-04
-2.234155903304e-01
3.149919602859e-03
-3.674675729817e-02
-1.064239427395e-05
-1.441714909885e-04
-2.260744192852e-01
-1.104615508554e-02
-4.341824058955e-02
5.031960973262e-05
-1.201762157415e-04
-2.365906554252e-01
-1.084994679107e-02
-3.780461018885e-02
1.065115772818e-04
-1.559149251640e-04
-9.868362079779e-02
-5.315380935688e-02
-2.032760846862e-02
8.564770748777e-05
-5.216056173079e-05
-1.291680058936e-01
7.017302474771e-02
-1.745108520846e-02
-1.248982274784e-04
-5.037336383838e-05
-3.024285536927e-01
1.799326051788e-02
-3.015044328308e-02
-1.429751201135e-04
-1.505016694794e-04
-2.918184839052e-01
2.089024909603e-02
-3.652505956147e-02
-8.864931367303e-05
-1.150714900076e-04
-2.928008743627e-01
3.469369585238e-03
-3.052568048807e-02
-1.168324104207e-05
-1.402509539067e-04
-2.968767514487e-01
-1.468154931823e-02
-3.735506994781e-02
6.844602261012e-05
-1.151020488287e-04
-3.105646919320e-01
-1.347998774540e-02
-3.156613567393e-02
1.291544056741e-04
-1.497577770196e-04
-1.311982351865e-01
-7.072687478980e-02
-1.785125163501e-02
1.225383282035e-04
-5.015628923562e-05
-1.646807971313e-01
8.941705668758e-02
-1.079905042998e-02
-1.668086458981e-04
-4.971660744227e-05
-3.825689106477e-01
2.163008536384e-02
-1.531154217487e-02
-1.688837622257e-04
-1.431123174296e-04
-3.693712024495e-01
2.561021753437e-02
-2.172491606032e-02
-1.106714271163e-04
-1.101296351480e-04
-3.696412528617e-01
3.679993708381e-03
-1.559752531180e-02
-1.227560654250e-05
-1.364382624329e-04
-3.750097331461e-01
-1.895953198923e-02
-2.213177113788e-02
8.903515245464e-05
-1.112258501968e-04
-3.917686846854e-01
-1.676458719284e-02
-1.599995120433e-02
1.542301594314e-04
-1.444911148495e-04
-1.670917514697e-01
-9.009891855864e-02
-1.101032489693e-02
1.643644577384e-04
-5.039403427205e-05
-1.926418521375e-01
1.047066643161e-01
1.270014151765e-03
-2.014344012037e-04
-5.621930240425e-05
-4.454767712058e-01
2.456326608927e-02
1.112640244701e-02
-1.882006929088e-04
-1.458258083520e-04
-4.306240030498e-01
2.929936453267e-02
4.329393912864e-03
-1.277840740255e-04
-1.137720131054e-04
-4.303835954530e-01
3.678870892614e-03
1.023496012411e-02
-1.216541309210e-05
-1.397215508156e-04
-4.366215889358e-01
-2.265095126109e-02
4.365706666813e-03
1.063497788010e-04
-1.154251420146e-04
-4.554324431935e-01
-1.965038971815e-02
1.115391120377e-02
1.736558713428e-04
-1.481049244608e-04
-1.954679386077e-01
-1.055839415778e-01
1.246407252085e-03
1.993285848112e-04
-5.720078352632e-05
-2.072233161452e-01
1.131491532548e-01
1.680993613451e-02
-2.220827219304e-04
-6.806449189662e-05
-4.782327048407e-01
2.604135048220e-02
4.492777359142e-02
-1.968451820937e-04
-1.564235226010e-04
-4.628826274384e-01
3.121981543463e-02
3.754832427767e-02
-1.369575907860e-04
-1.241916581018e-04
-4.623187125486e-01
3.446930234738e-03
4.296409313933e-02
-1.129097136657e-05
-1.486245227479e-04
-4.689131738249e-01
-2.501055348730e-02
3.801599874197e-02
1.171931910733e-04
-1.260779309175e-04
-4.884316688283e-01
-2.140669673385e-02
4.563963672420e-02
1.834125258521e-04
-1.588449409590e-04
-2.103788236222e-01
-1.142166401425e-01
1.699232062406e-02
2.205077206930e-04
-6.904004790880e-05
-2.076940462464e-01
1.144551498315e-01
3.283984034866e-02
-2.276174815847e-04
-8.162078445823e-05
-4.792510404291e-01
2.591595208509e-02
7.974482791617e-02
-1.946185869303e-04
-1.700019601934e-04
-4.643987191319e-01
3.128836158266e-02
7.179619909182e-02
-1.379343777411e-04
-1.373052767027e-04
-4.636205576968e-01
3.037012254366e-03
7.659595881409e-02
-9.822122508280e-06
-1.596999174359e-04
-4.701057942778e-01
-2.583264759123e-02
7.264330925149e-02
1.208379643489e-04
-1.392695512820e-04
-4.890802360260e-01
-2.180683869507e-02
8.108290288608e-02
1.830317451552e-04
-1.723440765399e-04
-2.109735013791e-01
-1.156362493503e-01
3.324965286227e-02
2.265531548977e-04
-8.255768163296e-05
-1.972056875573e-01
1.102726821277e-01
4.702264641359e-02
-2.213931135818e-04
-9.411956260746e-05
-4.554992676085e-01
2.455789729405e-02
1.106109371171e-01
-1.842022969486e-04
-1.829504181388e-04
-4.417875881161e-01
2.994162264556e-02
1.021780221251e-01
-1.326496418808e-04
-1.496720086492e-04
-4.408302458753e-01
2.540083224438e-03
1.063498344053e-01
-8.074528008648e-06
-1.699851352212e-04
-4.468695239213e-01
-2.538322751714e-02
1.033002188661e-01
1.186326467124e-04
-1.515652803372e-04
-4.643942834548e-01
-2.109403730250e-02
1.124293272920e-01
1.747396397912e-04
-1.850560500769e-04
-2.003466878068e-01
-1.114515983089e-01
4.763576937235e-02
2.206885673263e-04
-9.498043591472e-05
-1.806632610051e-01
1.031233768600e-01
5.837619997385e-02
-2.087930855074e-04
-1.041410665447e-04
-4.178747046669e-01
2.258653455667e-02
1.353725905100e-01
-1.696112339850e-04
-1.931438942035e-04
-4.055587061347e-01
2.785024423705e-02
1.265690668650e-01
-1.240145465280e-04
-1.593770104006e-04
-4.044121351634e-01
2.048030917330e-03
1.301297355021e-01
-6.371466924868e-06
-1.777266471731e-04
-4.098213123345e-01
-2.417037553209e-02
1.278296616779e-01
1.129446894206e-04
-1.610649489638e-04
-4.254278634030e-01
-1.976334271008e-02
1.374525961285e-01
1.621146206652e-04
-1.948696323053e-04
-1.834167703678e-01
-1.041782783993e-01
5.911406749814e-02
2.082382352941e-04
-1.048562431765e-04
-1.627283411832e-01
9.543080695691e-02
6.725350993531e-02
-1.949202491646e-04
-1.117884686151e-04
-3.768511015686e-01
2.060469496969e-02
1.547089175156e-01
-1.547491194762e-04
-2.004314829808e-04
-3.658708629811e-01
2.565347860093e-02
1.456310238362e-01
-1.147781743828e-04
-1.664286112577e-04
-3.645148602222e-01
1.630992569424e-03
1.485772190368e-01
-4.956885920301e-06
-1.829010268954e-04
-3.692427281968e-01
-2.271169259252e-02
1.468922993989e-01
1.061228093092e-04
-1.678242288030e-04
-3.828596435355e-01
-1.832554438866e-02
1.568081835907e-01
1.487583753268e-04
-2.016888484409e-04
-1.649111269751e-01
-9.625909471877e-02
6.800014164806e-02
1.942969791729e-04
-1.122834380265e-04
-1.466109917151e-01
8.892300807632e-02
7.477940630200e-02
-1.832346178607e-04
-1.177952774101e-04
-3.397715901473e-01
1.904063605798e-02
1.709772324313e-01
-1.424603725213e-04
-2.052997478333e-04
-3.298750241285e-01
2.379778679470e-02
1.616829881980e-01
-1.068217056374e-04
-1.714548809570e-04
-3.283056391505e-01
1.328058053626e-03
1.639759884519e-01
-3.963047218100e-06
-1.860233112268e-04
-3.323897355892e-01
-2.138578103834e-02
1.628302160213e-01
9.982550563718e-05
-1.725127368120e-04
-3.442245967344e-01
-1.715931345685e-02
1.728736777521e-01
1.373782742143e-04
-2.060389247744e-04
-1.481264249165e-01
-8.945272124547e-02
7.540471328529e-02
1.823398578189e-04
-1.179904192245e-04
-1.337488402787e-01
8.445466725372e-02
8.219733184953e-02
-1.752325540531e-04
-1.227982535209e-04
-3.100463539857e-01
1.810464021727e-02
1.868422281636e-01
-1.341441244202e-04
-2.079898514566e-04
-3.009165212557e-01
2.249505482955e-02
1.773436130842e-01
-1.009664579112e-04
-1.747756030050e-04
-2.991577232521e-01
1.149193833304e-03
1.789271208176e-01
-3.420136168255e-06
-1.873434578664e-04
-3.026763380933e-01
-2.038791428289e-02
1.782965448341e-01
9.482222140587e-05
-1.754753878167e-04
-3.130716825633e-01
-1.646331712477e-02
1.883611502341e-01
1.293712026177e-04
-2.081782536425e-04
-1.345802470344e-01
-8.464445930938e-02
8.257685632804e-02
1.738878461313e-04
-1.226058174642e-04
-1.241149382489e-01
8.213314579790e-02
9.040586171369e-02
-1.708124530463e-04
-1.270916052130e-04
-2.877558371003e-01
1.781979825850e-02
2.042804205712e-01
-1.298207954586e-04
-2.084614395286e-04
-2.791140268638e-01
2.176487976742e-02
1.945418339312e-01
-9.716239811066e-05
-1.762934668337e-04
-2.772152680704e-01
1.083358440121e-03
1.953743078467e-01
-3.284332090648e-06
-1.867978550497e-04
-2.802517512894e-01
-1.975886112015e-02
1.952541182898e-01
9.114261521805e-05
-1.766269720338e-04
-2.895566419286e-01
-1.627550361776e-02
2.053013179270e-01
1.248419756056e-04
-2.080721067794e-04
-1.243050245327e-01
-8.196623147182e-02
9.043216210336e-02
1.688705796815e-04
-1.264183423019e-04
-1.168101349308e-01
8.158427360464e-02
9.976327484108e-02
-1.688613838939e-04
-1.305522236075e-04
-2.709401802370e-01
1.808547565955e-02
2.241372779163e-01
-1.284992045494e-04
-2.064386953064e-04
-2.626050491017e-01
2.150888308844e-02
2.140887180118e-01
-9.481700692877e-05
-1.755854318302e-04
-2.606300228309e-01
1.107795240828e-03
2.141662572731e-01
-3.468430122301e-06
-1.840779711584e-04
-2.632549463802e-01
-1.944258490595e-02
2.145396861795e-01
8.835315733293e-05
-1.755487896358e-04
-2.717424487822e-01
-1.652455578028e-02
2.245856332203e-01
1.229283295665e-04
-2.054463832899e-04
-1.164387559448e-01
-8.106110403792e-02
9.934990968495e-02
1.662140277204e-04
-1.293079297853e-04
-1.106556428106e-01
8.223002537676e-02
1.101319391818e-01
-1.677943061964e-04
-1.326184666625e-04
-2.569371268155e-01
1.874302598641e-02
2.462011876247e-01
-1.286546728932e-04
-2.013289683296e-04
-2.488368301626e-01
2.158137936003e-02
2.357600166132e-01
-9.310192887187e-05
-1.719173251682e-04
-2.468494882533e-01
1.195306683123e-03
2.351204495402e-01
-3.865231077355e-06
-1.785912989966e-04
-2.491174374503e-01
-1.934369420913e-02
2.359441841452e-01
8.582206544357e-05
-1.715122938710e-04
-2.569557966484e-01
-1.708658438769e-02
2.460342300835e-01
1.222516451076e-04
-1.997210388550e-04
-1.098221358216e-01
-8.136244163505e-02
1.092136695524e-01
1.643831784088e-04
-1.307344923717e-04
-1.046143720405e-01
8.350507821923e-02
1.210705289127e-01
-1.659737782801e-04
-1.324077956269e-04
-2.433526546459e-01
1.962708792616e-02
2.696070117173e-01
-1.286516276660e-04
-1.922795697840e-04
-2.355051324201e-01
2.184089770568e-02
2.586936365449e-01
-9.118047164745e-05
-1.643469059902e-04
-2.335576565529e-01
1.318539057393e-03
2.574059900232e-01
-4.360435097723e-06
-1.695222586732e-04
-2.355119371617e-01
-1.937111013614e-02
2.586111342298e-01
8.292310683571e-05
-1.635902600785e-04
-2.427746343598e-01
-1.783128880346e-02
2.687993906969e-01
1.213275261882e-04
-1.900788913768e-04
-1.034255478560e-01
-8.231258050794e-02
1.196023706394e-01
1.618049169399e-04
-1.298630124692e-04
-9.799131626188e-02
8.498400322877e-02
1.320584377875e-01
-1.619951235211e-04
-1.289466708556e-04
-2.285304005569e-01
2.059781374254e-02
2.933106009285e-01
-1.270277073703e-04
-1.783971500517e-04
-2.210120890067e-01
2.217827367163e-02
2.818529973835e-01
-8.833947311597e-05
-1.519438785946e-04
-2.191378722423e-01
1.451827126066e-03
2.799996153670e-01
-4.838570101658e-06
-1.560279529028e-04
-2.208167834556e-01
-1.946270456349e-02
2.815018421076e-01
7.915563291942e-05
-1.508787383619e-04
-2.275096678884e-01
-1.865212476300e-02
2.918420542151e-01
1.188466898407e-04
-1.756845041288e-04
-9.655382890488e-02
-8.349158915776e-02
1.300144775080e-01
1.571529219487e-04
-1.257918975226e-04
-9.044750598031e-02
8.642030620708e-02
1.426599896917e-01
-1.548288473378e-04
-1.213991083335e-04
-2.115951689329e-01
2.155473264221e-02
3.164277269033e-01
-1.226261804139e-04
-1.589709498570e-04
-2.045128091182e-01
2.252351473179e-02
3.043595896494e-01
-8.403033295158e-05
-1.340040483439e-04
-2.027256434907e-01
1.571615919352e-03
3.020173476544e-01
-5.187665005341e-06
-1.374435074960e-04
-2.041663771866e-01
-1.959139613044e-02
3.037296364259e-01
7.417647247832e-05
-1.327080891698e-04
-2.102552949542e-01
-1.947985828310e-02
3.142730755021e-01
1.138041971457e-04
-1.558985914330e-04
-8.886298691127e-02
-8.465711477023e-02
1.400319536799e-01
1.494849982365e-04
-1.177723888261e-04
-8.190182755915e-02
8.771709827707e-02
1.525840284985e-01
-1.438376738742e-04
-1.092148580058e-04
-1.922435311003e-01
2.243493689251e-02
3.383457313437e-01
-1.146091611771e-04
-1.336031985926e-04
-1.857155625662e-01
2.283770625640e-02
3.256052504480e-01
-7.784990050796e-05
-1.101743488622e-04
-1.840141845990e-01
1.656295208924e-03
3.228310763241e-01
-5.307291859412e-06
-1.134133004832e-04
-1.852534354174e-01
-1.975748288220e-02
3.246735603830e-01
6.776648783713e-05
-1.087638516187e-04
-1.906842375327e-01
-2.028111283998e-02
3.354672626785e-01
1.055024877763e-04
-1.304000686874e-04
-8.026374542288e-02
-8.571536970659e-02
1.493794686981e-01
1.382502752563e-04
-1.053449167886e-04
-7.240150796533e-02
8.886027181310e-02
1.616461339511e-01
-1.287254947705e-04
-9.219801999793e-05
-1.704671075531e-01
2.320061367836e-02
3.586319714640e-01
-1.024178294869e-04
-1.022749667468e-04
-1.646150474212e-01
2.309788986730e-02
3.451655041402e-01
-6.951083093317e-05
-8.050959694225e-05
-1.629907611955e-01
1.685904543345e-03
3.419893781927e-01
-5.122722878790e-06
-8.396494985745e-05
-1.640633693987e-01
-1.997420122655e-02
3.438931091980e-01
5.977562377074e-05
-7.914072873189e-05
-1.687728103218e-01
-2.104631658254e-02
3.549743554904e-01
9.349050993752e-05
-9.924754352071e-05
-7.079342526537e-02
-8.665448689026e-02
1.578863370587e-01
1.232240446438e-04
-8.839614869570e-05
-6.202483996776e-02
8.984856420924e-02
1.696812586544e-01
-1.094939082426e-04
-7.054319919619e-05
-1.463517087367e-01
2.382338799076e-02
3.768471954131e-01
-8.575911657274e-05
-6.541837865156e-05
-1.412985396162e-01
2.328243858772e-02
3.626186597647e-01
-5.884870756344e-05
-4.552361304834e-05
-1.397433611944e-01
1.641869241185e-03
3.590443774605e-01
-4.605570269724e-06
-4.957904372131e-05
-1.406810380180e-01
-2.025363651860e-02
3.609488678355e-01
5.009202570164e-05
-4.439206828327e-05
-1.446010438679e-01
-2.177425236917e-02
3.723350292328e-01
7.751863221008e-05
-6.294824780004e-05
-6.052014341769e-02
-8.747483713985e-02
1.653992224105e-01
1.044468866807e-04
-6.718373338032e-05
-5.084699303929e-02
9.065072965205e-02
1.764744625412e-01
-8.645472369884e-05
-4.486932069527e-05
-1.200197961949e-01
2.427364079207e-02
3.924106292301e-01
-6.467211745309e-05
-2.400625863672e-05
-1.158908362075e-01
2.336282918685e-02
3.774146761783e-01
-4.588650228867e-05
-6.248041918267e-06
-1.144042497823e-01
1.506737143804e-03
3.734260457651e-01
-3.797574816432e-06
-1.125854952463e-05
-1.152359337287e-01
-2.059892129991e-02
3.752729887627e-01
3.866173315021e-05
-5.586726422063e-06
-1.182956499940e-01
-2.246133384875e-02
3.869485082943e-01
5.756873787065e-05
-2.254126033026e-05
-4.951010709488e-02
-8.814653653209e-02
1.717132993776e-01
8.221908722675e-05
-4.235816203681e-05
-3.896142021700e-02
9.120966273090e-02
1.817719484266e-01
-6.027987777030e-05
-1.621741604280e-05
-9.169517542441e-02
2.452101880329e-02
4.046500648775e-01
-3.965826081565e-05
2.043744498674e-05
-8.861695555611e-02
2.330544200931e-02
3.889243425484e-01
-3.093250385579e-05
3.578687868185e-05
-8.721031983689e-02
1.263745416472e-03
3.844930371979e-01
-2.829524555575e-06
2.949072925909e-05
-8.796474817754e-02
-2.100672518707e-02
3.862197467199e-01
2.555060620744e-05
3.571317877563e-05
-9.009476993664e-02
-2.310199236432e-02
3.981247469289e-01
3.395631675269e-05
2.040229990648e-05
-3.785013197005e-02
-8.861389420212e-02
1.765838641894e-01
5.713692318893e-05
-1.494936094223e-05
-2.651720826872e-02
9.149861639411e-02
1.854035610625e-01
-3.199794876434e-05
1.408645273495e-05
-6.179301820853e-02
2.454813160880e-02
4.131015310778e-01
-1.177512248808e-05
6.608586853635e-05
-5.988762564632e-02
2.308412807573e-02
3.967306350557e-01
-1.464214842852e-05
7.881447686499e-05
-5.858615111103e-02
8.959275299459e-04
3.918216785278e-01
-1.924494491278e-06
7.092876102781e-05
-5.929636743685e-02
-2.148138386793e-02
3.933576821637e-01
1.099977149695e-05
7.771735991272e-05
-6.043743139304e-02
-2.370263037857e-02
4.053854587996e-01
7.420344281089e-06
6.403695240431e-05
-2.568534807664e-02
-8.885194946208e-02
1.798493951189e-01
3.008661084767e-05
1.377668225709e-05
