0.000000 0.000000 0.000000 0.000000
0.011953 0.000000 0.000000 0.000000
0.107205 0.000000 0.000000 0.000000
0.207439 0.000000 0.000000 0.000000
0.307310 0.000000 0.000000 0.000000
0.407733 0.000000 0.000000 0.000000
0.507328 0.000000 0.000000 0.000000
0.607211 0.000000 0.000000 0.000000
0.707869 0.000000 0.000000 0.000000
0.807788 0.600000 0.629420 0.000000
0.907224 0.600000 0.470181 0.000000
1.007342 0.600000 0.748446 0.000000
1.107156 0.601695 0.900385 0.000000
1.207164 0.600000 1.000000 0.000000
1.307122 0.600000 1.000000 0.000000
1.407996 0.443323 1.000000 0.000000
1.507805 0.526054 1.000000 0.000000
1.607219 0.600000 1.000000 0.000000
1.707181 0.600000 1.000000 0.000000
1.807846 0.600000 1.000000 0.000000
1.907605 0.600000 1.000000 0.000000
2.008070 0.600000 1.000000 0.000000
2.109342 0.600000 0.820703 0.000000
2.207946 0.600000 0.558279 0.000000
2.307224 0.600000 0.434775 0.000000
2.408051 0.600000 0.497431 0.000000
2.507252 0.600000 0.639751 0.000000
2.607195 0.600000 0.730192 0.000000
2.707336 0.600000 0.718130 0.000000
2.807011 0.600000 0.645507 0.000000
2.907700 0.600000 0.585848 0.000000
3.007595 0.600000 0.579382 0.000000
3.107038 0.600000 0.613813 0.000000
3.208325 0.600000 0.650363 0.000000
3.307845 0.600001 0.661147 0.000000
3.407623 0.600001 0.646428 0.000000
3.507284 0.600002 0.625364 0.000000
3.608190 0.600000 0.615672 0.000000
3.707534 0.601097 0.620910 0.000000
3.807469 0.600507 0.632377 0.000000
3.907360 0.599581 0.639495 0.000000
4.007523 0.599423 0.638446 0.000000
4.107084 0.563359 0.632563 0.000000
4.207950 0.457373 0.627816 0.000000
4.307401 0.226018 0.627378 0.000000
4.407439 -0.127758 0.630189 0.000000
4.507662 -0.552926 0.633119 0.000000
4.607484 -0.600000 0.634010 0.000000
4.707016 -0.601152 0.632872 0.000000
4.807359 -0.600529 0.631232 0.000000
4.907548 -0.599236 0.630449 0.000000
5.009232 -0.567138 0.630916 0.000000
5.107263 -0.207987 0.631814 0.000000
5.207361 0.143104 0.632370 0.000000
5.307099 0.376615 0.632209 0.000000
5.408426 0.409719 0.631620 0.000000
5.507095 0.463521 0.631157 0.000000
5.607199 0.542675 0.631137 0.000000
5.707525 0.600058 0.631442 0.000000
5.807586 0.600555 0.631789 0.000000
5.907599 0.601059 0.631883 0.000000
6.007173 0.569148 0.631708 0.000000
6.108516 0.559683 0.631532 0.000000
6.207741 0.574908 0.631495 0.000000
6.307486 0.599597 0.631628 0.000000
6.407171 0.598045 0.631712 0.000000
6.507462 0.292196 0.631751 0.000000
6.607527 -0.131389 0.631736 0.000000
6.707061 -0.598673 0.631682 0.000000
6.808341 -0.601726 0.631667 0.000000
6.907440 -0.600000 0.631667 0.000000
7.007487 -0.600000 0.631704 0.000000
7.107399 -0.600000 0.631763 0.000000
7.207374 -0.600932 0.631807 0.000000
7.307106 -0.601458 0.631819 0.000000
7.407230 -0.600000 0.631807 0.000000
7.509225 -0.600000 0.631795 0.000000
7.607571 -0.600934 0.631796 0.000000
7.708021 -0.601614 0.631810 0.000000
7.807365 -0.600000 0.631827 0.000000
7.908114 -0.600000 0.631837 0.000000
8.007845 -0.601467 0.631837 0.000000
8.107252 -0.600000 0.631837 0.000000
8.207636 -0.600000 0.631840 0.000000
8.309180 -0.601367 0.631848 0.000000
8.407849 -0.600000 0.631858 0.000000
8.507366 -0.600000 0.631867 0.000000
8.607553 -0.601198 0.631873 0.000000
8.707592 -0.601949 0.631876 0.000000
8.807444 -0.600000 0.631878 0.000000
8.907403 -0.600922 0.631883 0.000000
9.007338 -0.601706 0.631889 0.000000
9.107180 -0.600000 0.631899 0.000000
9.207094 -0.600710 0.631906 0.000000
9.307617 -0.601548 0.631911 0.000000
9.408759 -0.598096 0.631874 0.000000
9.507220 -0.600496 0.631919 0.000000
9.607429 -0.601345 0.631950 0.000000
9.707835 -0.599438 0.631950 0.000000
9.807365 -0.601405 0.631893 0.000000
9.908198 -0.465221 0.631883 0.000000
10.007783 -0.415385 0.631914 0.000000
10.106959 -0.315233 0.631914 0.000000
10.207651 -0.187518 0.631914 0.000000
10.311486 -0.098807 0.631914 0.000000
10.407424 0.019332 0.631914 0.000000
10.511906 0.113801 0.631914 0.000000
10.607364 0.191728 0.631914 0.000000
10.707904 0.239255 0.631914 0.000000
10.807374 0.310568 0.631914 0.000000
10.908070 0.390223 0.631914 0.000000
11.007224 0.488921 0.631914 0.000000
11.107173 0.600361 0.631954 0.000000
11.207257 0.600378 0.631954 0.000000
11.307290 0.600379 0.631954 0.000000
11.407317 0.600379 0.631954 0.000000
11.507248 0.600379 0.631954 0.000000
11.607179 0.600379 0.631954 0.000000
11.707266 0.600379 0.631954 0.000000
11.807530 0.600379 0.631954 0.000000
11.907305 0.600379 0.631954 0.000000
