0.000000 0.000000 0.000000 0.000000
0.083298 0.000000 0.000000 0.000000
0.183717 0.000000 0.000000 0.000000
0.284852 0.000000 0.000000 0.000000
0.385152 0.000000 0.000000 0.000000
0.484069 0.000000 0.000000 0.000000
0.583444 0.000000 0.000000 0.000000
0.684369 0.000000 0.000000 0.000000
0.784408 0.000000 0.000000 0.000000
0.883554 0.000000 0.000000 0.000000
0.983483 0.600390 0.470207 0.000000
1.083729 0.600001 0.321464 0.000000
1.183598 0.600001 0.501525 0.000000
1.283528 0.600001 0.568844 0.000000
1.383585 0.601570 0.753903 0.000000
1.483508 0.600820 0.972465 0.000000
1.583939 0.600000 1.000000 0.000000
1.683901 0.600000 1.000000 0.000000
1.783950 0.206970 1.000000 0.000000
1.883520 0.148454 1.000000 0.000000
1.983444 0.600000 1.000000 0.000000
2.083476 0.600000 1.000000 0.000000
2.184277 0.600000 1.000000 0.000000
2.285131 0.600000 1.000000 0.000000
2.384470 0.600000 0.999998 0.000000
2.483930 0.600000 0.753542 0.000000
2.583493 0.600000 0.495477 0.000000
2.683651 0.600000 0.421595 0.000000
2.784480 0.600000 0.527649 0.000000
2.883715 0.600000 0.676841 0.000000
2.983658 0.600000 0.744262 0.000000
3.083979 0.600000 0.706028 0.000000
3.184405 0.600000 0.624573 0.000000
3.284889 0.600000 0.574421 0.000000
3.384042 0.600000 0.582830 0.000000
3.484035 0.600000 0.624711 0.000000
3.583437 0.600000 0.658132 0.000000
3.683615 0.600000 0.660943 0.000000
3.784974 0.600000 0.640898 0.000000
3.883639 0.600000 0.620270 0.000000
3.983599 0.600000 0.614601 0.000000
4.083441 0.600000 0.623304 0.000000
4.183532 0.600000 0.635287 0.000000
4.283725 0.600000 0.640579 0.000000
4.383816 0.600001 0.637397 0.000000
4.483782 0.600001 0.630839 0.000000
4.583813 0.600001 0.626878 0.000000
4.683394 0.600001 0.627631 0.000000
4.783416 0.600000 0.631026 0.000000
4.884724 0.600000 0.633691 0.000000
4.983833 0.600000 0.633885 0.000000
5.085354 0.600000 0.632264 0.000000
5.183875 0.600000 0.630627 0.000000
5.283346 0.600000 0.630207 0.000000
5.383699 0.601248 0.630935 0.000000
5.484863 0.601433 0.631909 0.000000
5.583792 0.601623 0.632333 0.000000
5.683650 0.601871 0.632082 0.000000
5.783348 0.599467 0.631573 0.000000
5.883732 0.599600 0.631280 0.000000
5.983396 0.599008 0.631321 0.000000
6.083598 0.517704 0.631605 0.000000
6.183451 0.258366 0.631853 0.000000
6.283475 -0.034075 0.631895 0.000000
6.383653 -0.307183 0.631759 0.000000
6.483523 -0.527847 0.631598 0.000000
6.583533 -0.601905 0.631588 0.000000
6.683863 -0.599000 0.631636 0.000000
6.783838 -0.600689 0.631746 0.000000
6.883486 -0.600506 0.631871 0.000000
6.983591 -0.600878 0.631884 0.000000
7.083762 -0.540815 0.631774 0.000000
7.183807 -0.470376 0.631704 0.000000
7.283549 -0.417816 0.631706 0.000000
7.384825 -0.385656 0.631746 0.000000
7.483425 -0.235964 0.631773 0.000000
7.583489 -0.081675 0.631764 0.000000
7.683319 -0.019969 0.631716 0.000000
7.783475 -0.046722 0.631656 0.000000
7.884102 -0.164851 0.631625 0.000000
7.983447 -0.304117 0.631637 0.000000
8.083822 -0.486368 0.631675 0.000000
8.184483 -0.601468 0.631750 0.000000
8.285438 -0.600000 0.631773 0.000000
8.383711 -0.600861 0.631764 0.000000
8.484715 -0.601644 0.631745 0.000000
8.584707 -0.600000 0.631740 0.000000
8.685460 -0.601222 0.631751 0.000000
8.783687 -0.600000 0.631769 0.000000
8.883418 -0.600000 0.631781 0.000000
8.983981 -0.600001 0.631784 0.000000
9.083775 -0.600000 0.631783 0.000000
9.184978 -0.600001 0.631784 0.000000
9.284577 -0.600000 0.631791 0.000000
9.384118 -0.600001 0.631801 0.000000
9.483451 -0.600000 0.631811 0.000000
9.584721 -0.600000 0.631816 0.000000
9.683591 -0.600000 0.631816 0.000000
9.783343 -0.600000 0.631816 0.000000
9.884995 -0.600000 0.631819 0.000000
9.983540 -0.600000 0.631823 0.000000
10.083863 -0.600000 0.631830 0.000000
10.183359 -0.600000 0.631837 0.000000
10.283473 -0.600000 0.631841 0.000000
10.383374 -0.600000 0.631847 0.000000
10.484418 -0.600000 0.631853 0.000000
10.583403 -0.600000 0.631852 0.000000
10.683988 -0.600000 0.631850 0.000000
10.784053 -0.600000 0.631852 0.000000
10.883458 -0.600000 0.631861 0.000000
10.983479 -0.600000 0.631873 0.000000
11.085017 -0.600000 0.631873 0.000000
11.184049 -0.600000 0.631873 0.000000
11.283673 -0.600000 0.631873 0.000000
11.384321 -0.600000 0.631873 0.000000
11.483778 -0.600000 0.631873 0.000000
11.583378 -0.600000 0.631873 0.000000
11.683833 -0.600000 0.631873 0.000000
11.783724 -0.600000 0.631873 0.000000
11.883819 -0.600000 0.631873 0.000000
11.984105 -0.600000 0.631873 0.000000
12.083431 -0.600000 0.631873 0.000000
12.183504 -0.600000 0.631873 0.000000
12.283569 -0.600000 0.631873 0.000000
