0.000000 0.000000 0.000000 0.000000
0.097185 0.000000 0.000000 0.000000
0.197209 0.000000 0.000000 0.000000
0.297239 0.000000 0.000000 0.000000
0.403291 0.000000 0.000000 0.000000
0.497556 0.000000 0.000000 0.000000
0.597208 0.000000 0.000000 0.000000
0.697890 0.000000 0.000000 0.000000
0.797388 0.000000 0.000000 0.000000
0.897235 0.000000 0.000000 0.000000
0.997269 0.424394 0.470161 0.000000
1.097220 0.600000 0.321433 0.000000
1.197410 0.600000 0.501442 0.000000
1.297641 0.600000 0.568726 0.000000
1.397235 0.600000 0.753716 0.000000
1.497393 0.600000 0.972189 0.000000
1.597162 0.600000 1.000000 0.000000
1.697851 0.600000 1.000000 0.000000
1.797143 0.600000 1.000000 0.000000
1.899693 0.600000 1.000000 0.000000
1.997901 0.600000 1.000000 0.000000
2.097121 0.600000 1.000000 0.000000
2.197440 0.600001 1.000000 0.000000
2.297166 0.600000 1.000000 0.000000
2.397247 0.600000 1.000000 0.000000
2.497288 0.600000 0.754010 0.000000
2.597147 0.600000 0.495956 0.000000
2.697275 0.600000 0.421773 0.000000
2.797235 0.600000 0.527539 0.000000
2.897175 0.600000 0.676665 0.000000
2.997128 0.600000 0.744221 0.000000
3.097162 0.600000 0.706154 0.000000
3.197203 0.600000 0.624766 0.000000
3.297121 0.600000 0.574561 0.000000
3.397084 0.600000 0.582877 0.000000
3.497154 0.600000 0.624707 0.000000
3.597098 0.600000 0.658141 0.000000
3.696746 0.600000 0.660998 0.000000
3.797287 0.600000 0.640990 0.000000
3.897104 0.600000 0.620365 0.000000
3.997192 0.600000 0.614676 0.000000
4.097190 0.600000 0.623355 0.000000
4.197091 0.600000 0.635325 0.000000
4.297166 0.600000 0.640622 0.000000
4.397734 0.600000 0.637452 0.000000
4.497133 0.600000 0.630903 0.000000
4.597224 0.600000 0.626938 0.000000
4.697239 0.600000 0.627683 0.000000
4.797269 0.600001 0.631071 0.000000
4.897435 0.600001 0.633735 0.000000
4.997386 0.600000 0.633929 0.000000
5.097195 0.600000 0.632307 0.000000
5.197060 0.601892 0.630671 0.000000
5.297065 0.601725 0.630250 0.000000
5.396908 0.601575 0.630975 0.000000
5.497385 0.601459 0.631946 0.000000
5.597309 0.601334 0.632364 0.000000
5.697294 0.568584 0.632061 0.000000
5.797174 0.468936 0.631539 0.000000
5.897620 0.324854 0.631263 0.000000
5.997261 0.120311 0.631357 0.000000
6.097427 -0.211666 0.631624 0.000000
6.197164 -0.561771 0.631798 0.000000
6.296952 -0.601002 0.631816 0.000000
6.397127 -0.601098 0.631694 0.000000
6.497174 -0.601177 0.631589 0.000000
6.597228 -0.601277 0.631586 0.000000
6.697479 -0.530093 0.631629 0.000000
6.797457 -0.412194 0.631715 0.000000
6.897555 -0.241974 0.631765 0.000000
6.997173 -0.006352 0.631741 0.000000
7.097413 0.247003 0.631666 0.000000
7.198361 0.521134 0.631590 0.000000
7.297158 0.601236 0.631596 0.000000
7.397185 0.601095 0.631616 0.000000
7.497170 0.600706 0.631651 0.000000
7.597243 0.469692 0.631644 0.000000
7.697152 0.201374 0.631659 0.000000
7.797433 -0.192332 0.631676 0.000000
7.897704 -0.600331 0.631709 0.000000
7.997099 -0.601724 0.631682 0.000000
8.097279 -0.600000 0.631656 0.000000
8.197158 -0.600000 0.631674 0.000000
8.297063 -0.600916 0.631726 0.000000
8.397669 -0.601349 0.631780 0.000000
8.497894 -0.601853 0.631803 0.000000
8.597425 -0.600000 0.631796 0.000000
8.697840 -0.600879 0.631776 0.000000
8.797717 -0.601459 0.631768 0.000000
8.897271 -0.600000 0.631780 0.000000
8.997199 -0.600000 0.631801 0.000000
9.098456 -0.601465 0.631818 0.000000
9.197885 -0.600000 0.631825 0.000000
9.297127 -0.600000 0.631824 0.000000
9.397271 -0.600000 0.631821 0.000000
9.497205 -0.600000 0.631824 0.000000
9.597880 -0.600002 0.631832 0.000000
9.697515 -0.600000 0.631838 0.000000
9.797254 -0.600002 0.631842 0.000000
9.897259 -0.600001 0.631846 0.000000
9.997230 -0.600002 0.631850 0.000000
10.097189 -0.600001 0.631857 0.000000
10.196904 -0.600000 0.631863 0.000000
10.297357 -0.600001 0.631870 0.000000
10.399754 -0.600001 0.631874 0.000000
10.497660 -0.600001 0.631874 0.000000
10.597795 -0.600001 0.631874 0.000000
10.697275 -0.600001 0.631874 0.000000
10.797842 -0.600001 0.631874 0.000000
10.897681 -0.600001 0.631874 0.000000
10.997213 -0.600001 0.631874 0.000000
11.097212 -0.600001 0.631874 0.000000
11.197354 -0.600001 0.631874 0.000000
11.297741 -0.600001 0.631874 0.000000
11.397225 -0.600001 0.631874 0.000000
11.497232 -0.600001 0.631874 0.000000
11.597728 -0.600001 0.631874 0.000000
11.697192 -0.600001 0.631874 0.000000
11.797457 -0.600001 0.631874 0.000000
11.897193 -0.600001 0.631874 0.000000
11.997909 -0.600001 0.631874 0.000000
12.096949 -0.600001 0.631874 0.000000
12.197054 -0.600001 0.631874 0.000000
12.297183 -0.600001 0.631874 0.000000
