0.000000 0.000000 0.000000 0.000000
0.090539 0.000000 0.000000 0.000000
0.192681 0.000000 0.000000 0.000000
0.290385 0.000000 0.000000 0.000000
0.391517 0.000000 0.000000 0.000000
0.490151 0.000000 0.000000 0.000000
0.590249 0.000000 0.000000 0.000000
0.690185 0.600001 0.982422 0.000000
0.790524 0.600877 0.799933 0.000000
0.890255 0.600000 1.000000 0.000000
0.990010 0.514047 1.000000 0.000000
1.090006 0.314930 1.000000 0.000000
1.190150 0.281562 1.000000 0.000000
1.290208 0.379363 1.000000 0.000000
1.390185 0.600000 1.000000 0.000000
1.490175 0.600000 1.000000 0.000000
1.590273 0.600000 1.000000 0.000000
1.690959 0.600000 1.000000 0.000000
1.790147 0.600000 0.825593 0.000000
1.890561 0.600000 0.562924 0.000000
1.990159 0.600000 0.435875 0.000000
2.090197 0.600000 0.495384 0.000000
2.190257 0.600000 0.637166 0.000000
2.290551 0.600000 0.729242 0.000000
2.390254 0.600000 0.719069 0.000000
2.491242 0.600001 0.647101 0.000000
2.590133 0.600001 0.586773 0.000000
2.691041 0.600000 0.579237 0.000000
2.790155 0.600000 0.613124 0.000000
2.890181 0.600000 0.649895 0.000000
2.990349 0.600000 0.661254 0.000000
3.090388 0.600000 0.646919 0.000000
3.190629 0.600801 0.625822 0.000000
3.290208 0.600895 0.615840 0.000000
3.390337 0.600952 0.620828 0.000000
3.490145 0.601060 0.632262 0.000000
3.590146 0.601277 0.639563 0.000000
3.690161 0.596116 0.638630 0.000000
3.790353 0.599545 0.632806 0.000000
3.890158 0.598669 0.627963 0.000000
3.991139 0.600969 0.627430 0.000000
4.090142 0.600478 0.630259 0.000000
4.190413 0.489589 0.633190 0.000000
4.290142 0.421751 0.634050 0.000000
4.390663 0.394127 0.632858 0.000000
4.490175 0.416677 0.631158 0.000000
4.590140 0.513631 0.630376 0.000000
4.692092 0.486754 0.630801 0.000000
4.790215 0.400298 0.631734 0.000000
4.890308 0.327888 0.632320 0.000000
4.990412 0.067596 0.632229 0.000000
5.090139 -0.100758 0.631743 0.000000
5.190282 -0.240341 0.631336 0.000000
5.290143 -0.411480 0.631283 0.000000
5.390102 -0.409094 0.631514 0.000000
5.490264 -0.409567 0.631777 0.000000
5.590251 -0.420084 0.631879 0.000000
5.691112 -0.191849 0.631804 0.000000
5.790249 0.023631 0.631673 0.000000
5.890058 0.198798 0.631591 0.000000
5.990206 0.380999 0.631598 0.000000
6.090163 0.406307 0.631661 0.000000
6.190105 0.424220 0.631722 0.000000
6.290254 0.431184 0.631748 0.000000
6.390111 0.425987 0.631742 0.000000
6.490165 0.226795 0.631728 0.000000
6.590052 -0.108498 0.631728 0.000000
6.690284 -0.471185 0.631732 0.000000
6.790849 -0.601025 0.631763 0.000000
6.890329 -0.601502 0.631756 0.000000
6.990093 -0.601884 0.631755 0.000000
7.090139 -0.600089 0.631738 0.000000
7.190019 -0.600333 0.631817 0.000000
7.290119 -0.600681 0.631875 0.000000
7.392370 -0.601062 0.631886 0.000000
7.490497 -0.597394 0.631866 0.000000
7.590255 -0.599637 0.631845 0.000000
7.690355 -0.599971 0.631801 0.000000
7.790319 -0.511208 0.631813 0.000000
7.890568 -0.421022 0.631857 0.000000
7.990198 -0.377720 0.631880 0.000000
8.090214 -0.392760 0.631862 0.000000
8.190231 -0.278183 0.631824 0.000000
8.290116 -0.233541 0.631805 0.000000
8.390335 -0.234256 0.631801 0.000000
8.490127 -0.198973 0.631808 0.000000
8.590132 -0.234682 0.631818 0.000000
8.690377 -0.341075 0.631821 0.000000
8.790191 -0.380159 0.631822 0.000000
8.890247 -0.452754 0.631831 0.000000
8.990211 -0.461344 0.631847 0.000000
9.091688 -0.527004 0.631866 0.000000
9.190594 -0.600730 0.631917 0.000000
9.290251 -0.599380 0.631926 0.000000
9.390579 -0.600351 0.631914 0.000000
9.490433 -0.555989 0.631861 0.000000
9.590413 -0.599508 0.631861 0.000000
9.690901 -0.601088 0.631935 0.000000
9.790063 -0.601088 0.631935 0.000000
9.893685 -0.601088 0.631935 0.000000
9.990721 -0.601088 0.631935 0.000000
10.091202 -0.601088 0.631935 0.000000
10.190327 -0.601088 0.631935 0.000000
10.290610 -0.601088 0.631935 0.000000
10.390606 -0.601088 0.631935 0.000000
10.492337 -0.601088 0.631935 0.000000
10.590185 -0.601088 0.631935 0.000000
10.690266 -0.601088 0.631935 0.000000
10.790120 -0.601088 0.631935 0.000000
10.890624 -0.601088 0.631935 0.000000
10.990220 -0.601088 0.631935 0.000000
11.090195 -0.601088 0.631935 0.000000
11.190165 -0.601088 0.631935 0.000000
11.290248 -0.601088 0.631935 0.000000
11.390275 -0.601088 0.631935 0.000000
11.490208 -0.601088 0.631935 0.000000
11.590503 -0.601088 0.631935 0.000000
11.690183 -0.601088 0.631935 0.000000
11.790622 -0.601088 0.631935 0.000000
11.890143 -0.601088 0.631935 0.000000
11.990278 -0.601088 0.631935 0.000000
12.090120 -0.601088 0.631935 0.000000
12.190288 -0.601088 0.631935 0.000000
12.290321 -0.601088 0.631935 0.000000
12.390120 -0.601087 0.631935 0.000000
12.490175 -0.601087 0.631935 0.000000
12.590206 -0.601087 0.631935 0.000000
