0.000000 0.000000 0.000000 0.000000
0.094182 0.000000 0.000000 0.000000
0.194123 0.000000 0.000000 0.000000
0.295252 0.000000 0.000000 0.000000
0.394300 0.000000 0.000000 0.000000
0.494312 0.000000 0.000000 0.000000
0.594042 0.000000 0.000000 0.000000
0.694290 0.600740 0.982418 0.000000
0.794128 0.600000 0.799928 0.000000
0.895020 0.600000 1.000000 0.000000
0.994041 0.600000 1.000000 0.000000
1.094373 0.600000 1.000000 0.000000
1.195225 0.494704 1.000000 0.000000
1.294273 0.540683 1.000000 0.000000
1.394115 0.600000 1.000000 0.000000
1.494354 0.600000 1.000000 0.000000
1.594174 0.600000 1.000000 0.000000
1.694130 0.600000 1.000000 0.000000
1.794087 0.600000 0.825508 0.000000
1.894273 0.600000 0.562837 0.000000
1.994138 0.600000 0.435838 0.000000
2.094709 0.600000 0.495400 0.000000
2.194044 0.600000 0.637197 0.000000
2.294263 0.600000 0.729255 0.000000
2.394235 0.600000 0.719056 0.000000
2.494450 0.600000 0.647075 0.000000
2.594366 0.600000 0.586752 0.000000
2.694268 0.600000 0.579232 0.000000
2.794322 0.600000 0.613133 0.000000
2.894343 0.600000 0.649904 0.000000
2.994107 0.600000 0.661258 0.000000
3.094209 0.600001 0.646923 0.000000
3.194462 0.600001 0.625830 0.000000
3.294151 0.600002 0.615853 0.000000
3.394623 0.600002 0.620846 0.000000
3.494278 0.601568 0.632284 0.000000
3.594306 0.601577 0.639585 0.000000
3.694216 0.601676 0.638651 0.000000
3.795308 0.601834 0.632831 0.000000
3.894200 0.602007 0.628033 0.000000
3.994361 0.599451 0.627465 0.000000
4.094266 0.600231 0.630230 0.000000
4.194181 0.601082 0.633205 0.000000
4.294446 0.600313 0.634152 0.000000
4.394159 0.600434 0.632988 0.000000
4.494210 0.600600 0.631264 0.000000
4.594285 0.510546 0.630408 0.000000
4.694276 0.377459 0.630822 0.000000
4.794200 0.224128 0.631781 0.000000
4.894075 0.053914 0.632384 0.000000
4.994218 -0.204098 0.632285 0.000000
5.094060 -0.368412 0.631772 0.000000
5.194044 -0.534237 0.631354 0.000000
5.294065 -0.601413 0.631357 0.000000
5.394227 -0.548151 0.631582 0.000000
5.494260 -0.471106 0.631843 0.000000
5.594081 -0.328935 0.631942 0.000000
5.694108 0.025889 0.631858 0.000000
5.794294 0.266443 0.631704 0.000000
5.894204 0.486401 0.631597 0.000000
5.994197 0.575999 0.631598 0.000000
6.094267 0.599702 0.631719 0.000000
6.194721 0.600018 0.631774 0.000000
6.294266 0.601910 0.631797 0.000000
6.394066 0.418253 0.631794 0.000000
6.494163 0.190683 0.631785 0.000000
6.594170 -0.083986 0.631764 0.000000
6.693989 -0.529331 0.631727 0.000000
6.794124 -0.601021 0.631724 0.000000
6.894346 -0.601295 0.631696 0.000000
6.994351 -0.601496 0.631691 0.000000
7.093998 -0.595034 0.631725 0.000000
7.194012 -0.599490 0.631773 0.000000
7.293982 -0.599669 0.631805 0.000000
7.394424 -0.598816 0.631770 0.000000
7.495068 -0.388270 0.631761 0.000000
7.594248 -0.161384 0.631781 0.000000
7.694128 0.033290 0.631788 0.000000
7.795431 0.226233 0.631761 0.000000
7.894296 0.354134 0.631721 0.000000
7.994328 0.383479 0.631700 0.000000
8.094265 0.299002 0.631715 0.000000
8.194291 0.055334 0.631754 0.000000
8.294263 -0.182796 0.631783 0.000000
8.394016 -0.427818 0.631780 0.000000
8.494154 -0.472402 0.631758 0.000000
8.594193 -0.507950 0.631749 0.000000
8.694189 -0.588749 0.631769 0.000000
8.794177 -0.518353 0.631805 0.000000
8.894038 -0.479929 0.631841 0.000000
8.994700 -0.506007 0.631851 0.000000
9.094064 -0.598790 0.631875 0.000000
9.194253 -0.529440 0.631820 0.000000
9.294131 -0.491177 0.631805 0.000000
9.394413 -0.527711 0.631826 0.000000
9.494211 -0.454554 0.631858 0.000000
9.594343 -0.369057 0.631881 0.000000
9.694161 -0.306970 0.631881 0.000000
9.794171 -0.251552 0.631881 0.000000
9.894262 -0.207071 0.631881 0.000000
9.994263 -0.174213 0.631881 0.000000
10.094621 -0.151234 0.631881 0.000000
10.194220 -0.135684 0.631881 0.000000
10.294262 -0.125359 0.631881 0.000000
10.394188 -0.118578 0.631881 0.000000
10.494066 -0.113054 0.631881 0.000000
10.594036 -0.110564 0.631881 0.000000
10.694288 -0.108951 0.631881 0.000000
10.794307 -0.107906 0.631881 0.000000
10.894284 -0.107231 0.631881 0.000000
10.994092 -0.106687 0.631881 0.000000
11.094110 -0.106444 0.631881 0.000000
11.194193 -0.106288 0.631881 0.000000
11.294344 -0.106162 0.631881 0.000000
11.394124 -0.106106 0.631881 0.000000
11.494751 -0.106071 0.631881 0.000000
11.594119 -0.106043 0.631881 0.000000
11.694251 -0.106031 0.631881 0.000000
