0.000000 0.000000 0.000000 0.000000
0.024691 0.000000 0.000000 0.000000
0.109410 0.000000 0.000000 0.000000
0.208926 0.000000 0.000000 0.000000
0.308940 0.000000 0.000000 0.000000
0.411623 0.000000 0.000000 0.000000
0.509695 0.000000 0.000000 0.000000
0.609607 0.000000 0.000000 0.000000
0.709033 0.000000 0.000000 0.000000
0.809035 0.000000 0.000000 0.000000
0.909839 0.000000 0.000000 0.000000
1.008892 0.314704 0.321443 0.000000
1.110367 0.600000 0.182523 0.000000
1.208756 0.600000 0.270806 0.000000
1.309150 0.600000 0.259064 0.000000
1.409199 0.600000 0.308009 0.000000
1.508961 0.600000 0.345789 0.000000
1.609378 0.600000 0.414308 0.000000
1.708779 0.600000 0.503966 0.000000
1.808883 0.600000 0.634221 0.000000
1.908913 0.600000 0.816739 0.000000
2.009486 0.600000 1.000000 0.000000
2.109480 0.600000 1.000000 0.000000
2.209042 0.600000 1.000000 0.000000
2.308975 0.360977 1.000000 0.000000
2.408807 0.600000 1.000000 0.000000
2.508891 0.600000 1.000000 0.000000
2.609033 0.600000 1.000000 0.000000
2.708992 0.600000 1.000000 0.000000
2.809032 0.600000 1.000000 0.000000
2.909118 0.600000 0.937029 0.000000
3.008981 0.600000 0.666829 0.000000
3.109054 0.600000 0.457144 0.000000
3.210142 0.600000 0.444567 0.000000
3.309192 0.600000 0.575075 0.000000
3.409379 0.600000 0.705523 0.000000
3.509060 0.600000 0.738848 0.000000
3.609598 0.600001 0.681485 0.000000
3.708826 0.600001 0.605292 0.000000
3.808875 0.600001 0.573038 0.000000
3.909367 0.600001 0.594597 0.000000
4.009756 0.600001 0.636621 0.000000
4.109427 0.600001 0.661256 0.000000
4.208743 0.600000 0.655764 0.000000
4.309083 0.600000 0.633926 0.000000
4.409066 0.600000 0.617257 0.000000
4.509665 0.600000 0.616507 0.000000
4.609046 0.600000 0.627121 0.000000
4.709136 0.600000 0.637545 0.000000
4.810481 0.600000 0.640084 0.000000
4.909528 0.600000 0.635388 0.000000
5.009039 0.600000 0.629282 0.000000
5.108966 0.600000 0.626767 0.000000
5.209308 0.600001 0.628565 0.000000
5.308876 0.600001 0.631957 0.000000
5.408884 0.600000 0.633911 0.000000
5.509154 0.600000 0.633442 0.000000
5.609320 0.600000 0.631688 0.000000
5.709467 0.601513 0.630371 0.000000
5.808736 0.600908 0.630343 0.000000
5.909098 0.600364 0.631220 0.000000
6.009058 0.511749 0.632028 0.000000
6.109384 0.190237 0.632237 0.000000
6.209601 -0.325823 0.631891 0.000000
6.308816 -0.600000 0.631471 0.000000
6.409268 -0.600000 0.631292 0.000000
6.509194 -0.600000 0.631447 0.000000
6.609623 -0.600000 0.631735 0.000000
6.709259 -0.601235 0.631919 0.000000
6.809196 -0.601321 0.631913 0.000000
6.908997 -0.601411 0.631794 0.000000
7.009873 -0.601543 0.631696 0.000000
7.109022 -0.575335 0.631653 0.000000
7.209634 -0.511334 0.631723 0.000000
7.309256 -0.455191 0.631815 0.000000
7.408741 -0.399546 0.631843 0.000000
7.508792 -0.165673 0.631796 0.000000
7.609294 0.052925 0.631721 0.000000
7.709106 0.176129 0.631636 0.000000
7.809417 0.248994 0.631569 0.000000
7.909615 0.288988 0.631548 0.000000
8.009607 0.240828 0.631571 0.000000
8.109129 -0.004292 0.631608 0.000000
8.209188 -0.196612 0.631637 0.000000
8.309253 -0.485293 0.631664 0.000000
8.409122 -0.600000 0.631730 0.000000
8.509483 -0.601701 0.631779 0.000000
8.609879 -0.600000 0.631809 0.000000
8.709180 -0.600000 0.631813 0.000000
8.808914 -0.600000 0.631799 0.000000
8.909800 -0.601250 0.631785 0.000000
9.009811 -0.601839 0.631788 0.000000
9.109057 -0.600000 0.631802 0.000000
9.208827 -0.600486 0.631815 0.000000
9.309515 -0.601010 0.631822 0.000000
9.409209 -0.601574 0.631820 0.000000
9.509287 -0.600000 0.631818 0.000000
9.608895 -0.600290 0.631822 0.000000
9.709535 -0.600853 0.631830 0.000000
9.809216 -0.601508 0.631840 0.000000
9.909321 -0.600000 0.631850 0.000000
10.008991 -0.600380 0.631856 0.000000
10.109535 -0.601137 0.631861 0.000000
10.208973 -0.600000 0.631867 0.000000
10.309369 -0.601903 0.631836 0.000000
10.409094 -0.601176 0.631883 0.000000
10.509168 -0.599533 0.631918 0.000000
10.609371 -0.600409 0.631922 0.000000
10.709785 -0.601514 0.631906 0.000000
10.809291 -0.599256 0.631853 0.000000
10.909205 -0.600864 0.631895 0.000000
11.008916 -0.591813 0.631897 0.000000
11.109428 -0.599717 0.631914 0.000000
11.209332 -0.600348 0.631954 0.000000
11.309538 -0.600349 0.631954 0.000000
11.409822 -0.600349 0.631954 0.000000
11.509262 -0.600349 0.631954 0.000000
11.609916 -0.600349 0.631954 0.000000
11.709451 -0.600349 0.631954 0.000000
11.809255 -0.600349 0.631954 0.000000
11.909444 -0.600349 0.631954 0.000000
12.009465 -0.600349 0.631954 0.000000
12.109058 -0.600349 0.631954 0.000000
12.209195 -0.600349 0.631954 0.000000
12.308758 -0.600349 0.631954 0.000000
12.409205 -0.600349 0.631954 0.000000
12.509105 -0.600349 0.631954 0.000000
12.609160 -0.600349 0.631954 0.000000
12.709220 -0.600349 0.631954 0.000000
12.809283 -0.600349 0.631954 0.000000
12.909028 -0.600349 0.631954 0.000000
13.009055 -0.600349 0.631954 0.000000
13.109294 -0.600348 0.631954 0.000000
