0.0 0 0 0.0
0.1 0.0 0.015555555555555557 0.0
0.2 0.0 0.031111111111111114 0.0
0.30000000000000004 0.0 0.046666666666666676 0.0
0.4 0.0 0.06222222222222223 0.0
0.5 0.0 0.07777777777777778 0.0
0.6000000000000001 0.0 0.09333333333333335 0.0
0.7000000000000001 0.0 0.1088888888888889 0.0
0.8 0.0 0.12444444444444445 0.0
0.9 0.0 0.14 0.0
1.0 0.0 0.15555555555555556 0.0
1.1 0.0 0.17111111111111113 0.0
1.2000000000000002 0.0 0.1866666666666667 0.0
1.3 0.0 0.20222222222222222 0.0
1.4000000000000001 0.0 0.2177777777777778 0.0
1.5 0.0 0.23333333333333334 0.0
1.6 0.0 0.2488888888888889 0.0
1.7000000000000002 0.0 0.2644444444444445 0.0
1.8 0.0 0.28 0.0
1.9000000000000001 0.0 0.29555555555555557 0.0
2.0 0.0 0.3111111111111111 0.0
2.1 0.0 0.32666666666666666 0.0
2.2 0.0 0.34222222222222226 0.0
2.3000000000000003 0.0 0.3577777777777778 0.0
2.4000000000000004 0.0 0.3733333333333334 0.0
2.5 0.0 0.3888888888888889 0.0
2.6 0.0 0.40444444444444444 0.0
2.7 0.0 0.42000000000000004 0.0
2.8000000000000003 0.0 0.4355555555555556 0.0
2.9000000000000004 0.0 0.4511111111111112 0.0
3.0 0.0 0.4666666666666667 0.0
3.1 0.0 0.4822222222222222 0.0
3.2 0.0 0.4977777777777778 0.0
3.3000000000000003 0.0 0.5133333333333334 0.0
3.4000000000000004 0.0 0.528888888888889 0.0
3.5 0.0 0.5444444444444445 0.0
3.6 0.0 0.56 0.0
3.7 0.0 0.5755555555555556 0.0
3.8000000000000003 0.0 0.5911111111111111 0.0
3.9000000000000004 0.0 0.6066666666666667 0.0
4.0 0.0 0.6222222222222222 0.0
4.1000000000000005 0.0 0.6377777777777779 0.0
4.2 0.0 0.6533333333333333 0.0
4.3 0.0 0.6688888888888889 0.0
4.4 0.0 0.6844444444444445 0.0
4.5 0.0 0.7 0.0
4.6000000000000005 0.0 0.7 0.0
4.7 0.0 0.7 0.0
4.800000000000001 0.0 0.7 0.0
4.9 0.0 0.7 0.0
5.0 0.0 0.7 0.0
5.1000000000000005 0.0 0.7 0.0
5.2 0.0 0.7 0.0
5.300000000000001 0.0 0.7 0.0
5.4 0.0 0.7 0.0
5.5 0.0 0.7 0.0
5.6000000000000005 0.0 0.7 0.0
5.7 0.0 0.7 0.0
5.800000000000001 0.0 0.7 0.0
5.9 0.0 0.7 0.0
6.0 0.0 0.7 0.0
6.1000000000000005 0.0 0.7 0.0
6.2 0.0 0.7 0.0
6.300000000000001 0.0 0.7 0.0
6.4 0.0 0.7 0.0
6.5 0.0 0.7 0.0
6.6000000000000005 0.0 0.7 0.0
6.7 0.0 0.7 0.0
6.800000000000001 0.0 0.7 0.0
6.9 0.0 0.7 0.0
7.0 0.0 0.7 0.0
7.1000000000000005 0.0 0.7 0.0
7.2 0.0 0.7 0.0
7.300000000000001 0.0 0.7 0.0
7.4 0.0 0.7 0.0
7.5 0.0 0.7 0.0
7.6000000000000005 0.0 0.7 0.0
7.7 0.0 0.7 0.0
7.800000000000001 0.0 0.7 0.0
7.9 0.0 0.7 0.0
8.0 0.0 0.7 0.0
8.1 0.0 0.7 0.0
8.200000000000001 0.0 0.7 0.0
8.3 0.0 0.7 0.0
8.4 0.0 0.7 0.0
8.5 0.0 0.7 0.0
8.6 0.0 0.7 0.0
8.700000000000001 0.0 0.7 0.0
8.8 0.0 0.7 0.0
8.9 0.0 0.7 0.0
9.0 0.0 0.7 0.0
9.1 0.0 0.7 0.0
9.200000000000001 0.0 0.7 0.0
9.3 0.0 0.7 0.0
9.4 0.0 0.7 0.0
9.5 0.0 0.7 0.0
9.600000000000001 0.0 0.7 0.0
9.700000000000001 0.0 0.7 0.0
9.8 0.0 0.7 0.0
9.9 0.0 0.7 0.0
10.0 0.0 0.7 0.0
10.100000000000001 0.1545084971874758 0.5599999999999987 0.0
10.200000000000001 0.2938926261462379 0.41999999999999815 0.0
10.3 0.40450849718747434 0.27999999999999936 0.0
10.4 0.47552825814757693 0.14000000000000057 0.0
10.5 0.5 0.0 0.0
10.600000000000001 0.4755282581475761 0 0.0
10.700000000000001 0.40450849718747267 0 0.0
10.8 0.2938926261462357 0 0.0
10.9 0.15450849718747314 0 0.0
11.0 6.123233995736766e-17 0 0.0
11.100000000000001 -0.15450849718747575 0 0.0
11.200000000000001 -0.29389262614623796 0 0.0
11.3 -0.40450849718747445 0 0.0
11.4 -0.4755282581475769 0 0.0
11.5 -0.5 0 0.0
11.600000000000001 -0.47552825814757615 0 0.0
11.700000000000001 -0.4045084971874727 0 0.0
11.8 -0.29389262614623557 0 0.0
11.9 -0.1545084971874734 0 0.0
12.0 -1.2246467991473532e-16 0 0.0
12.100000000000001 0 0.020000000000000018 0.0
12.200000000000001 0 0.040000000000000036 0.0
12.3 0 0.06000000000000005 0.0
12.4 0 0.08000000000000007 0.0
12.5 0 0.09999999999999964 0.0
12.600000000000001 0 0.1200000000000001 0.0
12.700000000000001 0 0.14000000000000012 0.0
12.8 0 0.16000000000000014 0.0
12.9 0 0.17999999999999972 0.0
13.0 0 0.19999999999999973 0.0
13.100000000000001 0 0.17999999999999972 0.0
13.200000000000001 0 0.1599999999999997 0.0
13.3 0 0.14000000000000012 0.0
13.4 0 0.1200000000000001 0.0
13.5 0 0.10000000000000009 0.0
13.600000000000001 0 0.07999999999999963 0.0
13.700000000000001 0 0.06000000000000005 0.0
13.8 0 0.040000000000000036 0.0
13.9 0 0.020000000000000018 0.0
14.0 0 0.0 0.0
14.100000000000001 0 0 0.0
14.200000000000001 0 0 0.0
14.3 0 0 0.0
14.4 0 0 0.0
14.5 0 0 0.0
14.600000000000001 0 0 0.0
14.700000000000001 0 0 0.0
14.8 0 0 0.0
14.9 0 0 0.0
15.0 0 0 0.0
15.100000000000001 -0.09270509831248548 0 0.0
15.200000000000001 -0.17633557568774275 0 0.0
15.3 -0.2427050983124846 0 0.0
15.4 -0.28531695488854614 0 0.0
15.5 -0.3 0 0.0
15.600000000000001 -0.28531695488854564 0 0.0
15.700000000000001 -0.2427050983124836 0 0.0
15.8 -0.1763355756877414 0 0.0
15.9 -0.09270509831248389 0 0.0
16.0 -3.6739403974420595e-17 0 0.0
16.1 0.09270509831248545 0 0.0
16.2 0.17633557568774136 0 0.0
16.3 0.24270509831248466 0 0.0
16.400000000000002 0.2853169548885467 0 0.0
16.5 0.3 0 0.0
16.6 0.2853169548885457 0 0.0
16.7 0.2427050983124847 0 0.0
16.8 0.17633557568774133 0 0.0
16.900000000000002 0.09270509831248226 0 0.0
17.0 7.347880794884119e-17 0 0.0
17.1 0 0 0.010000000000000009
17.2 0 0 0.019999999999999796
17.3 0 0 0.030000000000000027
17.400000000000002 0 0 0.040000000000000036
17.5 0 0 0.04999999999999982
17.6 0 0 0.06000000000000005
17.7 0 0 0.06999999999999984
17.8 0 0 0.08000000000000007
17.900000000000002 0 0 0.09000000000000008
18.0 0 0 0.09999999999999987
18.1 0 0 0.1100000000000001
18.2 0 0 0.11999999999999988
18.3 0 0 0.1299999999999999
18.400000000000002 0 0 0.14000000000000012
18.5 0 0 0.1499999999999999
18.6 0 0 0.16000000000000014
18.7 0 0 0.16999999999999993
18.8 0 0 0.17999999999999994
18.900000000000002 0 0 0.19000000000000017
19.0 0 0 0.19999999999999996
19.1 0 0 0.20999999999999996
19.200000000000003 0 0 0.2200000000000002
19.3 0 0 0.22999999999999998
19.400000000000002 0 0 0.2400000000000002
19.5 0 0 0.25
19.6 0 0 0.26
19.700000000000003 0 0 0.27000000000000024
19.8 0 0 0.28
19.900000000000002 0 0 0.29000000000000004
20.0 0 0 0.2999999999999998
20.1 0 0 0.31000000000000005
20.200000000000003 0 0 0.3200000000000003
20.3 0 0 0.33000000000000007
20.400000000000002 0 0 0.3400000000000003
20.5 0 0 0.3500000000000001
20.6 0 0 0.3599999999999999
20.700000000000003 0 0 0.3700000000000001
20.8 0 0 0.3799999999999999
20.900000000000002 0 0 0.3900000000000001
21.0 0 0 0.3999999999999999
21.1 0 0 0.41000000000000014
21.200000000000003 0 0 0.4200000000000004
21.3 0 0 0.43000000000000016
21.400000000000002 0 0 0.43999999999999995
21.5 0 0 0.44999999999999973
21.6 0 0 0.45999999999999996
21.700000000000003 0 0 0.4700000000000002
21.8 0 0 0.48
21.900000000000002 0 0 0.4900000000000002
22.0 0 0 0.5
